5312 3904 	6266 2950 	7373 1843 	
1627 7589 	1616 7600 	4464 4752 	
1569 7647 	1203 8013 	910 8306 	
5148 4068 	5248 3968 	5943 3273 	
2145 7071 	2374 6842 	2889 6327 	
7135 2081 	5388 3828 	7541 1675 	
6146 3070 	5501 3715 	8443 773 	
6362 2854 	5068 4148 	4769 4447 	
1321 7895 	3309 5907 	8764 452 	
6604 2612 	6956 2260 	7086 2130 	
8228 988 	5391 3825 	3929 5287 	
2611 6605 	2399 6817 	5637 3579 	
2566 6650 	3782 5434 	7982 1234 	
5717 3499 	2127 7089 	7237 1979 	
1433 7783 	1369 7847 	2263 6953 	
8268 948 	8241 975 	8594 622 	
6387 2829 	6503 2713 	6762 2454 	
1180 8036 	1202 8014 	3522 5694 	
7503 1713 	5842 3374 	7737 1479 	
6902 2314 	6967 2249 	8395 821 	
5972 3244 	7149 2067 	6579 2637 	
5706 3510 	5085 4131 	8559 657 	
3067 6149 	3344 5872 	5007 4209 	
6171 3045 	7041 2175 	7330 1886 	
6919 2297 	7527 1689 	8561 655 	
1381 7835 	2180 7036 	3535 5681 	
8241 975 	8351 865 	8275 941 	
2052 7164 	4742 4474 	7400 1816 	
8757 459 	8799 417 	8810 406 	
1232 7984 	9020 196 	9019 197 	
7348 1868 	6638 2578 	8447 769 	
6378 2838 	5233 3983 	5764 3452 	
3228 5988 	7494 1722 	8460 756 	
7461 1755 	7812 1404 	9025 191 	
8624 592 	7532 1684 	8747 469 	
9070 146 	7150 2066 	1097 8119 	
960 8256 	732 8484 	7040 2176 	
4125 5091 	4742 4474 	5997 3219 	
7286 1930 	7005 2211 	7678 1538 	
8470 746 	8265 951 	8050 1166 	
2027 7189 	1713 7503 	3167 6049 	
1452 7764 	1831 7385 	6391 2825 	
6611 2605 	5508 3708 	6754 2462 	
7810 1406 	6395 2821 	8318 898 	
4736 4480 	4671 4545 	7887 1329 	
5116 4100 	3296 5920 	7991 1225 	
8196 1020 	8416 800 	8928 288 	
2374 6842 	2429 6787 	4081 5135 	
6397 2819 	5207 4009 	7142 2074 	
7043 2173 	6893 2323 	6849 2367 	
7026 2190 	4598 4618 	6007 3209 	
7019 2197 	5085 4131 	7948 1268 	
8472 744 	8138 1078 	8573 643 	
1580 7636 	2592 6624 	7543 1673 	
1986 7230 	1776 7440 	1797 7419 	
7907 1309 	8050 1166 	8420 796 	
5958 3258 	6581 2635 	7606 1610 	
7106 2110 	6132 3084 	6914 2302 	
1962 7254 	2051 7165 	9161 55 	
1624 7592 	1799 7417 	4479 4737 	
3933 5283 	3957 5259 	3648 5568 	
6869 2347 	5942 3274 	8623 593 	
4681 4535 	5266 3950 	8751 465 	
5721 3495 	4832 4384 	7392 1824 	
7280 1936 	6755 2461 	7592 1624 	
1394 7822 	1417 7799 	1591 7625 	
6990 2226 	7282 1934 	8285 931 	
1217 7999 	2545 6671 	7009 2207 	
6041 3175 	6437 2779 	8352 864 	
3214 6002 	3731 5485 	3599 5617 	
6851 2365 	6740 2476 	6569 2647 	
4925 4291 	4965 4251 	5081 4135 	
3548 5668 	3684 5532 	4444 4772 	
6406 2810 	6513 2703 	7798 1418 	
7687 1529 	7730 1486 	7684 1532 	
8020 1196 	8032 1184 	8064 1152 	
3977 5239 	4260 4956 	6318 2898 	
2136 7080 	2156 7060 	2141 7075 	
7012 2204 	6978 2238 	8023 1193 	
6321 2895 	1931 7285 	1341 7875 	
3396 5820 	3328 5888 	3882 5334 	
8885 331 	6877 2339 	9184 32 	
7881 1335 	7596 1620 	8233 983 	
7769 1447 	4939 4277 	8100 1116 	
7904 1312 	1443 7773 	1483 7733 	
4275 4941 	5591 3625 	7637 1579 	
3146 6070 	2784 6432 	4136 5080 	
3524 5692 	6225 2991 	8226 990 	
827 8389 	1095 8121 	7918 1298 	
4287 4929 	3203 6013 	8672 544 	
3695 5521 	3114 6102 	3305 5911 	
6144 3072 	6837 2379 	8451 765 	
4220 4996 	4312 4904 	5093 4123 	
4842 4374 	2060 7156 	8695 521 	
8288 928 	7951 1265 	8684 532 	
3439 5777 	2586 6630 	7009 2207 	
4850 4366 	6778 2438 	8990 226 	
4676 4540 	4417 4799 	8922 294 	
8211 1005 	8182 1034 	7614 1602 	
1243 7973 	1052 8164 	2925 6291 	
868 8348 	4651 4565 	9186 30 	
2945 6271 	3836 5380 	8126 1090 	
3852 5364 	4458 4758 	5333 3883 	
1788 7428 	2056 7160 	5412 3804 	
6244 2972 	6965 2251 	8368 848 	
4204 5012 	4120 5096 	5738 3478 	
6482 2734 	6361 2855 	6558 2658 	
2198 7018 	1496 7720 	860 8356 	
1609 7607 	1557 7659 	2001 7215 	
5582 3634 	5425 3791 	6484 2732 	
610 8606 	5031 4185 	8958 258 	
7117 2099 	7164 2052 	7263 1953 	
4009 5207 	3265 5951 	7401 1815 	
818 8398 	812 8404 	816 8400 	
4469 4747 	3685 5531 	6929 2287 	
8996 220 	8961 255 	8310 906 	
7434 1782 	4438 4778 	3010 6206 	
3265 5951 	3296 5920 	5731 3485 	
502 8714 	448 8768 	2153 7063 	
8377 839 	8410 806 	8966 250 	
7407 1809 	7473 1743 	7563 1653 	
3968 5248 	3638 5578 	6939 2277 	
4814 4402 	4897 4319 	6536 2680 	
5597 3619 	4444 4772 	4095 5121 	
5873 3343 	4535 4681 	5256 3960 	
8505 711 	8361 855 	2345 6871 	
5377 3839 	6035 3181 	6186 3030 	
5942 3274 	6065 3151 	6079 3137 	
5821 3395 	5544 3672 	6342 2874 	
7744 1472 	7744 1472 	7996 1220 	
5990 3226 	6054 3162 	7468 1748 	
8717 499 	8776 440 	8816 400 	
6939 2277 	6640 2576 	8122 1094 	
3247 5969 	1921 7295 	5373 3843 	
5902 3314 	6183 3033 	5745 3471 	
7990 1226 	7754 1462 	9109 107 	
4015 5201 	4565 4651 	7638 1578 	
6148 3068 	6371 2845 	7631 1585 	
4546 4670 	4450 4766 	6546 2670 	
6903 2313 	6964 2252 	8079 1137 	
2669 6547 	4090 5126 	7275 1941 	
7473 1743 	4854 4362 	7840 1376 	
6214 3002 	3298 5918 	8030 1186 	
8074 1142 	8093 1123 	8087 1129 	
3003 6213 	3015 6201 	5754 3462 	
7184 2032 	6838 2378 	5092 4124 	
5368 3848 	6121 3095 	6992 2224 	
6203 3013 	4302 4914 	7633 1583 	
6284 2932 	6358 2858 	6754 2462 	
8377 839 	8339 877 	8606 610 	
5448 3768 	5420 3796 	5525 3691 	
7217 1999 	7178 2038 	7388 1828 	
6156 3060 	6753 2463 	8324 892 	
7405 1811 	7294 1922 	7257 1959 	
4676 4540 	4361 4855 	5548 3668 	
4246 4970 	3080 6136 	5536 3680 	
7020 2196 	5816 3400 	7568 1648 	
1649 7567 	1480 7736 	1520 7696 	
2730 6486 	1769 7447 	7931 1285 	
4431 4785 	4637 4579 	6717 2499 	
4705 4511 	4029 5187 	6449 2767 	
8790 426 	709 8507 	653 8563 	
8869 347 	8921 295 	8981 235 	
8529 687 	8771 445 	8810 406 	
5842 3374 	3054 6162 	6899 2317 	
5622 3594 	1815 7401 	8719 497 	
2523 6693 	2593 6623 	2914 6302 	
5992 3224 	6412 2804 	7115 2101 	
4362 4854 	1378 7838 	719 8497 	
7217 1999 	6960 2256 	8187 1029 	
4668 4548 	3915 5301 	5619 3597 	
1769 7447 	1729 7487 	1875 7341 	
1690 7526 	1966 7250 	2101 7115 	
789 8427 	1229 7987 	3008 6208 	
2294 6922 	3078 6138 	6616 2600 	
8040 1176 	7946 1270 	8308 908 	
1213 8003 	2450 6766 	5659 3557 	
5015 4201 	4040 5176 	5696 3520 	
5928 3288 	6860 2356 	7035 2181 	
8066 1150 	6519 2697 	5525 3691 	
8952 264 	8428 788 	8922 294 	
8714 502 	7904 1312 	8786 430 	
6624 2592 	7122 2094 	7585 1631 	
5697 3519 	2192 7024 	8846 370 	
1020 8196 	1027 8189 	1037 8179 	
1187 8029 	1221 7995 	9168 48 	
6685 2531 	5128 4088 	3313 5903 	
7115 2101 	2331 6885 	7384 1832 	
2517 6699 	2412 6804 	4869 4347 	
7545 1671 	7299 1917 	6992 2224 	
2231 6985 	4865 4351 	6480 2736 	
1824 7392 	4888 4328 	8318 898 	
4251 4965 	4409 4807 	4892 4324 	
7388 1828 	5172 4044 	8424 792 	
6903 2313 	7215 2001 	7154 2062 	
5915 3301 	4955 4261 	6404 2812 	
8427 789 	8373 843 	8324 892 	
6780 2436 	6077 3139 	8692 524 	
6206 3010 	6829 2387 	8088 1128 	
7143 2073 	7113 2103 	7033 2183 	
2060 3252 3305 599 	2522 3744 2519 431 	3701 3672 1533 310 	
390 1237 3383 4206 	403 1213 3166 4434 	1089 3375 4589 163 	
221 1348 7065 582 	220 983 7406 607 	289 621 7555 751 	
3245 1903 2142 1926 	3207 2041 2319 1649 	3851 2092 2422 851 	
909 1236 5068 2003 	947 1427 5432 1410 	1034 1855 5348 979 	
3831 3304 1639 442 	926 4462 3201 627 	3492 4049 1103 572 	
1975 4171 2205 865 	1160 4341 2990 725 	6988 1455 567 206 	
1582 4780 2850 4 	1167 3901 3963 185 	1587 3182 2005 2442 	
324 997 7158 737 	507 2802 5801 106 	1645 7119 452 0 	
1485 5119 2003 609 	2003 4953 1889 371 	3361 3725 1662 468 	
2999 5229 918 70 	1886 3505 3760 65 	871 3058 5159 128 	
898 1713 2132 4473 	658 1741 2081 4736 	2650 2987 2446 1133 	
617 1949 5031 1619 	979 2803 4385 1049 	3006 4976 1205 29 	
702 5015 2963 536 	553 1574 6348 741 	845 6392 1499 480 	
798 635 5313 2470 	776 593 3225 4622 	1122 1141 4614 2339 	
7344 924 491 457 	6998 1243 527 448 	7997 597 419 203 	
4541 1846 862 1967 	4647 1856 767 1946 	5376 1386 563 1891 	
88 1092 7717 319 	89 1113 7680 334 	153 3369 5513 181 	
1522 5981 1530 183 	1507 4335 3149 225 	1753 5984 1419 60 	
127 6775 1463 851 	27 6940 1443 806 	5863 2532 508 313 	
298 5674 1961 1283 	755 6394 813 1254 	1849 4730 1386 1251 	
726 4980 3025 485 	242 4843 3651 480 	4759 3800 402 255 	
1288 1779 5111 1038 	1380 1964 4977 895 	1927 3080 3840 369 	
1936 4235 1900 1145 	2323 4718 1001 1174 	2539 4791 694 1192 	
3963 2956 1794 503 	4175 3352 1474 215 	6305 2256 613 42 	
197 1184 6215 1620 	403 1777 4516 2520 	811 2724 3210 2471 	
954 7287 732 243 	1189 7162 678 187 	1204 7071 747 194 	
717 1335 6697 467 	743 3999 4093 381 	794 6606 1479 337 	
4317 4440 362 97 	4250 4549 305 112 	7018 1792 278 128 	
122 1110 7687 297 	1717 7303 177 19 	1904 7115 179 18 	
3409 3939 1493 375 	922 5716 1986 592 	6484 1963 593 176 	
1384 4994 2388 450 	546 4687 3690 293 	880 4884 3312 140 	
820 2408 4994 994 	699 6795 1272 450 	1111 7349 715 41 	
589 6872 1385 370 	906 6906 1315 89 	5085 3940 184 7 	
5286 3338 521 71 	2591 4941 1425 259 	6497 2250 397 72 	
2791 6279 122 24 	97 7053 2023 43 	93 1004 8006 113 	
62 898 5339 2917 	42 690 5034 3450 	3066 3974 1958 218 	
354 3771 3218 1873 	681 4061 2524 1950 	3422 2575 1334 1885 	
694 6592 1874 56 	518 6487 2147 64 	2106 5572 1493 45 	
2662 5808 524 222 	2359 5906 736 215 	3717 4333 845 321 	
336 1691 4939 2250 	259 1454 4893 2610 	973 2194 4385 1664 	
398 1054 7351 413 	449 1382 7197 188 	769 5622 2741 84 	
2069 4542 2518 87 	1198 4310 3638 70 	2476 4278 2447 15 	
4537 3273 886 520 	2374 4021 1955 866 	6953 1365 525 373 	
1760 2976 3604 876 	1903 2768 2938 1607 	3579 4308 1309 20 	
545 4571 3857 243 	279 3017 5449 471 	4300 3691 1203 22 	
4066 4130 882 138 	3053 5363 755 45 	6538 2390 270 18 	
945 1429 5996 846 	1114 1315 5814 973 	2307 1774 1665 3470 	
2227 4170 2113 706 	1561 3646 3146 863 	3476 3666 1768 306 	
1278 5765 1753 420 	739 6154 1775 548 	948 5901 1851 516 	
571 6455 2010 180 	508 4090 4129 489 	1330 4677 2402 807 	
2437 4582 1639 558 	1426 3659 3410 721 	6305 1643 907 361 	
5815 2657 551 193 	4536 3602 893 185 	5645 2928 507 136 	
137 1443 6685 951 	208 2384 6195 429 	721 6822 1600 73 	
709 1277 7117 113 	705 1071 7339 101 	850 947 7329 90 	
438 7469 1251 58 	305 7745 1100 66 	2265 6155 739 57 	
2924 3034 2080 1178 	3108 3473 1993 642 	5417 2189 1429 181 	
487 6619 1582 528 	223 5909 2342 742 	1448 5466 1316 986 	
791 1171 7203 51 	804 1247 7126 39 	3074 6087 43 12 	
972 652 4656 2936 	971 828 5129 2288 	1095 3384 3207 1530 	
8 3925 4628 655 	10 3947 4750 509 	9 3639 4903 665 	
4640 2229 1921 426 	2935 3007 2497 777 	6831 1792 542 51 	
701 3980 3317 1218 	736 4530 3231 719 	5706 3045 452 13 	
1057 4664 2168 1327 	600 4232 2792 1592 	4609 2783 1301 523 	
3865 3415 1436 500 	2486 4269 1636 825 	4792 2800 1208 416 	
273 1121 7484 338 	337 1080 7530 269 	329 1262 7384 241 	
1115 5875 1862 364 	1206 6076 1602 332 	3111 5174 881 50 	
200 1017 6832 1167 	349 2196 6468 203 	695 6314 2172 35 	
2268 3773 2746 429 	2437 4000 2460 319 	5056 3296 685 179 	
301 2913 2156 3846 	785 2946 1772 3713 	530 3069 1857 3760 	
539 6312 2327 38 	488 6252 2445 31 	413 6156 2579 68 	
2408 2517 1179 3112 	2500 2465 924 3327 	2909 2172 733 3402 	
644 2904 5611 57 	842 2842 5496 36 	1717 2727 4749 23 	
1327 5079 2287 523 	2037 4476 2369 334 	5441 2357 1312 106 	
6281 1406 1025 504 	6260 1470 1035 451 	6660 1024 1032 500 	
7392 628 665 531 	7427 605 665 519 	7493 571 658 494 	
1753 2224 1482 3757 	2149 2111 1940 3016 	3755 2563 2250 648 	
1674 462 428 6652 	1659 497 802 6258 	1591 550 6344 731 	
1611 5401 1571 633 	1726 5252 1501 737 	4744 3279 837 356 	
805 5516 2885 10 	493 1438 7124 161 	482 859 5965 1910 	
388 3008 5199 621 	328 3000 5092 796 	363 3519 4486 848 	
2336 6549 331 0 	996 5881 2339 0 	5768 3416 32 0 	
4941 2940 1009 326 	2806 4790 1145 475 	6002 2231 670 313 	
985 6784 1280 167 	177 4762 3971 306 	1463 6637 993 123 	
848 7056 1304 8 	568 875 7530 243 	918 565 321 7412 	
338 3937 4616 325 	393 5198 3376 249 	1005 6632 1422 157 	
410 2736 5838 232 	433 2351 3337 3095 	2302 1834 1437 3643 	
428 3096 4307 1385 	1325 4900 2510 481 	5196 3030 952 38 	
91 736 6865 1524 	192 903 7527 594 	1850 6068 1131 167 	
568 3719 4604 325 	600 2603 5780 233 	2285 6387 435 109 	
368 3327 5008 513 	682 2432 5663 439 	1155 2150 5499 412 	
251 5893 2468 604 	361 6476 1954 425 	4585 3866 538 227 	
1855 2365 3373 1623 	1916 2396 3363 1541 	1962 3131 2965 1158 	
316 4526 4363 11 	219 1841 7096 60 	1140 7555 518 3 	
6610 1678 524 404 	3051 4900 824 441 	7913 771 312 220 	
422 3017 4242 1535 	422 2164 5115 1515 	3171 3838 1285 922 	
703 4147 4084 282 	1209 5569 2350 88 	4845 4145 216 10 	
100 4576 4239 301 	186 4231 4763 36 	3000 5922 262 32 	
3424 4787 832 173 	4271 3911 929 105 	3411 4203 1130 472 	
273 970 3390 4583 	257 795 2702 5462 	1089 1836 3319 2972 	
228 640 7966 382 	768 3883 4553 12 	3233 5953 27 3 	
1025 1920 4691 1580 	1366 2470 3836 1544 	5412 2714 625 465 	
1024 2828 3972 1392 	1647 2811 3866 892 	2883 2450 3391 492 	
349 1439 6507 921 	434 1622 6590 570 	668 4744 3505 299 	
1651 4593 2609 363 	1958 5007 2004 247 	4508 3860 774 74 	
961 3243 2651 2361 	491 3629 2309 2787 	5119 619 660 2818 	
4644 1838 619 2115 	2910 3451 788 2067 	5575 983 679 1979 	
87 2111 5913 1105 	76 1420 6435 1285 	74 786 7164 1192 	
342 1267 7117 490 	284 1273 6789 870 	417 1584 6535 680 	
769 4813 3119 515 	698 4727 3072 719 	3266 3218 1626 1106 	
60 550 7097 1509 	232 4799 4152 33 	2534 6424 258 0 	
3835 3282 1038 1061 	3924 3240 922 1130 	4620 2643 783 1170 	
1792 2217 4583 624 	1594 1671 5045 906 	2971 4430 1636 179 	
403 415 460 7938 	395 417 328 8076 	397 419 128 8272 	
203 4266 2958 1789 	127 3558 3300 2231 	3660 3269 1292 995 	
3919 5077 108 112 	2227 6734 155 100 	736 7574 841 65 	
324 7110 1508 274 	369 4069 4502 276 	786 2224 5458 748 	
2535 730 1052 4899 	2692 604 3939 1981 	2958 2773 3478 7 	
27 475 2290 6424 	85 363 2716 6052 	355 1798 6734 329 	
280 8097 618 221 	258 8152 713 93 	2450 6516 240 10 	
6981 426 593 1216 	7048 425 582 1161 	7140 423 601 1052 	
1466 2502 4481 767 	1592 2046 4818 760 	3780 3159 1826 451 	
337 4477 3050 1352 	431 4466 3194 1125 	1545 4991 1836 844 	
3381 2216 3547 72 	2405 2039 4670 102 	1911 2184 3986 1135 	
1128 4745 2775 568 	723 3812 3949 732 	1112 4144 2919 1041 	
500 8005 447 264 	674 7687 689 166 	900 1445 6698 173 	
1574 3803 2847 992 	2090 3945 2374 807 	2606 3580 2206 824 	
2558 3384 2253 1021 	2422 3643 2172 979 	2902 3177 2205 932 	
2878 2943 1852 1543 	2641 2903 2051 1621 	3976 2366 1663 1211 	
2683 5061 1296 176 	2612 5132 1278 194 	3157 4839 1041 179 	
877 5113 2970 256 	911 5143 3041 121 	1484 5984 1674 74 	
1956 6761 257 242 	1828 6948 264 176 	1559 7257 267 133 	
1135 5804 1904 373 	221 6419 2274 302 	4892 3230 945 149 	
173 3074 4257 1712 	186 1735 5205 2090 	1523 3850 2342 1501 	
1087 4815 3092 222 	1219 4964 2920 113 	1121 4624 3321 150 	
465 7525 1104 122 	425 7329 1354 108 	8319 790 90 17 	
2333 1682 3730 1471 	2563 2002 3893 758 	3780 3858 1480 98 	
2283 3865 2601 467 	2240 4131 2490 355 	3660 3971 1373 212 	
1227 3319 3500 1170 	1182 3268 3836 930 	2276 4270 2505 165 	
2124 4779 2220 93 	1989 4975 2155 97 	2947 5132 1096 41 	
324 2345 5027 1520 	607 3483 4481 645 	2474 4801 1795 146 	
2514 4959 1385 358 	381 4473 3458 904 	4099 3741 1061 315 	
579 5635 2222 780 	288 3010 4658 1260 	4130 3900 884 302 	
1836 6238 425 717 	1650 6443 542 581 	2017 6070 663 466 	
739 2264 5547 666 	825 2190 5767 434 	3125 2629 3020 442 	
510 6674 1886 146 	437 6401 2285 93 	1823 3269 4103 21 	
679 4689 2950 898 	634 5487 2563 532 	1335 5657 1648 576 	
1004 5199 2229 784 	344 3958 3912 1002 	4511 3122 1129 454 	
3126 3158 1718 1214 	2917 3441 1739 1119 	4461 2293 1545 917 	
4132 4245 748 91 	2510 5829 757 120 	6791 1815 518 92 	
4749 699 919 2849 	4758 662 1054 2742 	4921 604 1354 2337 	
3423 3794 1582 417 	2940 4238 1746 292 	3621 3767 1619 209 	
428 5728 2925 135 	465 6288 2417 46 	1032 7292 870 22 	
2124 5281 1025 786 	2132 5162 983 939 	2919 4338 849 1110 	
474 4202 3616 924 	498 3863 3942 913 	1783 3765 1709 1959 	
912 3334 3035 1935 	525 2555 3996 2140 	2265 3271 2252 1428 	
1979 5041 1479 717 	1300 4516 2560 840 	4558 3010 909 739 	
880 769 7513 54 	860 620 7646 90 	891 629 7616 80 	
839 1891 6267 219 	859 910 7128 319 	910 7021 1190 95 	
982 3449 3264 1521 	919 3718 3377 1202 	3008 3709 2145 354 	
663 4042 4326 185 	674 3355 5019 168 	921 5528 2653 114 	
531 8259 358 68 	490 219 8443 64 	458 195 8458 105 	
7271 1598 212 135 	5597 3324 160 135 	8501 480 139 96 	
7814 715 594 93 	7151 1620 405 40 	7998 812 368 38 	
1135 4707 2236 1138 	160 2894 4716 1446 	3811 3088 1472 845 	
237 5385 3303 291 	106 1709 6905 496 	3424 5295 392 105 	
1134 1389 6686 7 	1168 1425 6623 0 	1790 1124 6302 0 	
3466 2526 1609 1615 	4296 2116 1619 1185 	4943 2172 1465 636 	
205 4157 4614 240 	196 1182 7613 225 	197 522 8190 307 	
806 6411 1540 459 	1059 5901 1737 519 	5988 2199 616 413 	
872 3796 3448 1100 	637 3278 4085 1216 	2166 3453 2634 963 	
737 1032 7339 108 	660 1069 7450 37 	1000 875 7068 273 	
469 1221 840 6686 	642 1324 436 6814 	1011 1090 312 6803 	
143 646 4956 3471 	229 1000 6271 1716 	509 2499 5369 839 	
546 1748 4397 2525 	789 2289 4853 1285 	2126 4490 2461 139 	
5232 2808 770 406 	2550 5396 777 493 	6757 1551 651 257 	
709 504 5384 2619 	617 1833 6290 476 	735 4924 3529 28 	
920 4095 3278 923 	751 3289 3950 1226 	1228 4468 2704 816 	
1394 4534 2981 307 	1673 5187 2177 179 	2369 4666 2046 135 	
676 7390 1119 31 	676 5843 2682 15 	820 4705 3673 18 	
6429 2523 242 22 	3774 4654 747 41 	8374 548 234 60 	
6006 2708 378 124 	3189 4715 1199 113 	6392 2394 354 76 	
2409 4215 1372 1220 	2589 4533 981 1113 	3247 4338 596 1035 	
1134 4563 3437 82 	1218 974 6937 87 	2338 6508 353 17 	
417 603 7860 336 	389 638 585 7604 	393 644 483 7696 	
456 731 7429 600 	512 709 7470 525 	6105 3063 48 0 	
2495 4190 2457 74 	1207 3921 3764 324 	850 2463 3963 1940 	
715 6400 842 1259 	680 1651 5667 1218 	897 6487 1527 305 	
149 2368 4699 2000 	347 2065 4694 2110 	462 4407 2005 2342 	
1932 5613 1632 39 	869 6430 1874 43 	2667 4325 1598 626 	
112 2119 4422 2563 	958 3907 3025 1326 	2425 4055 2346 390 	
229 1595 6851 541 	376 4512 4079 249 	1970 6348 745 153 	
2118 2133 2231 2734 	2264 2145 2295 2512 	2428 2464 2864 1460 	
3006 4382 1514 314 	891 4281 3590 454 	5479 2945 580 212 	
4556 2347 2137 176 	4868 2347 1909 92 	5390 1764 1985 77 	
2181 3734 2383 918 	1710 3245 3065 1196 	3444 2960 1677 1135 	
7119 1308 502 287 	5689 2684 595 248 	6572 1752 625 267 	
3477 3303 2177 259 	1196 4881 2700 439 	4925 3767 443 81 	
1984 4222 2531 479 	2367 4462 2139 248 	4758 3330 1075 53 	
6294 849 1702 371 	4656 2457 1739 364 	852 6181 1840 343 	
419 1641 1451 1801 2079 1226 459 140 	508 2014 1766 1978 1621 898 359 72 	1113 2588 2135 1537 993 540 258 52 	
31 359 708 529 720 2663 2843 1363 	29 374 694 519 696 2470 2864 1570 	381 708 914 2461 2869 1720 163 0 	
84 137 149 1199 5252 1813 538 44 	80 140 147 836 5188 2218 569 38 	132 157 199 422 3941 3614 702 49 	
1355 1890 1111 792 919 1223 1014 912 	1314 1893 1193 848 1006 1313 939 710 	2088 1763 1059 1033 1327 1095 619 232 	
275 634 304 932 1971 3097 998 1005 	426 521 296 1131 2296 3136 730 680 	657 377 546 1309 2413 2935 594 385 	
1721 2110 2018 1286 1075 564 293 149 	70 856 2463 1999 2171 1030 500 127 	1264 2228 2494 1555 691 412 358 214 	
168 1807 2595 1576 1504 701 380 485 	182 978 2148 2193 1871 1119 420 305 	4872 2116 1051 404 313 254 202 4 	
649 933 2210 2570 2624 226 4 0 	506 661 1564 2337 1690 2273 184 1 	520 1067 1770 1412 1075 930 1009 1433 	
130 194 255 742 3029 4129 683 54 	238 269 527 2275 4718 1083 103 3 	621 1024 4111 3008 412 40 0 0 	
72 1413 3275 1844 1093 910 450 159 	177 1826 2847 2106 1128 761 299 72 	542 2819 2447 1278 976 686 323 145 	
1323 1676 1699 3530 847 71 29 41 	364 1522 1563 1942 3363 397 25 40 	276 595 1542 1516 2497 2662 94 34 	
266 632 909 804 971 1161 2178 2295 	222 436 762 979 969 1112 1587 3149 	1216 1434 1515 1472 1317 1129 764 369 	
254 363 726 1223 2402 2629 1317 302 	400 579 993 1810 2510 1875 832 217 	1286 1720 2587 2389 997 208 27 2 	
287 415 849 4166 1712 1251 490 46 	123 430 658 916 2415 3933 657 84 	252 593 3857 2535 826 673 447 33 	
382 416 305 330 828 4485 2150 320 	357 419 320 273 485 2740 4360 262 	666 456 547 594 1178 3436 2167 172 	
5944 1400 659 265 248 243 247 210 	4480 2518 748 495 257 270 246 202 	7203 794 317 280 231 188 143 60 	
2242 2299 1167 679 492 370 590 1377 	2309 2338 1210 646 456 311 641 1305 	3036 2340 953 433 289 274 791 1100 	
28 60 162 930 6250 1467 261 58 	30 59 179 934 6324 1356 284 50 	46 107 373 2996 4992 521 152 29 	
775 747 1643 4338 1194 336 181 2 	746 761 619 3716 2673 476 223 2 	997 756 2455 3529 1066 353 50 10 	
1 126 5570 1205 1130 333 273 578 	0 27 2335 4605 1137 306 316 490 	362 5501 1595 937 279 229 242 71 	
12 286 2133 3541 1552 409 66 1217 	37 718 3255 3139 729 84 78 1176 	178 1671 2732 1998 1048 338 100 1151 	
30 696 2554 2426 2044 981 273 212 	23 219 1448 3395 2696 955 244 236 	1403 3356 2808 992 263 139 114 141 	
880 408 584 1195 2421 2690 717 321 	1022 358 701 1263 2655 2322 601 294 	910 1017 956 2124 2949 891 240 129 	
689 1247 1617 2618 1647 253 915 230 	820 1503 2189 2529 872 129 85 1089 	930 1609 2253 2538 610 84 38 1154 	
1691 2272 1475 1481 1045 749 384 119 	1632 2543 1800 1552 942 532 202 13 	4450 1855 1359 897 449 164 41 1 	
44 153 321 863 2267 3948 1616 4 	96 307 461 1316 1775 2741 2517 3 	234 577 1351 1373 1002 2208 2463 8 	
81 873 4247 3040 519 213 157 86 	106 1083 4489 2673 474 204 134 53 	108 1096 4100 2971 528 219 142 52 	
271 446 429 906 3921 2776 401 66 	316 427 374 3625 3455 638 315 66 	374 420 1627 4979 1087 392 280 57 	
1078 3239 3594 846 203 159 83 14 	1172 3078 3722 827 168 137 94 18 	2650 4368 1494 298 163 115 98 30 	
15 107 335 775 5710 1977 262 35 	839 878 1468 5835 135 42 14 5 	1017 887 2694 4421 123 56 14 4 	
589 2820 2613 1326 942 551 248 127 	332 590 3410 2306 1169 817 454 138 	4039 2445 1261 702 383 210 122 54 	
142 1242 2546 2448 599 1789 379 71 	66 480 1330 3357 2050 1640 214 79 	111 769 1254 3630 2943 369 82 58 	
490 330 787 1621 4092 902 660 334 	527 172 1383 5412 638 634 363 87 	551 560 6238 1111 549 166 23 18 	
114 475 2444 4428 1032 353 213 157 	162 744 1695 5211 1035 280 84 5 	1610 3475 3608 332 124 60 7 0 	
1267 4019 2546 792 357 164 40 31 	742 1849 2700 2241 1049 376 144 115 	2400 4097 1742 508 244 153 38 34 	
75 2716 5696 583 101 21 14 10 	22 75 869 6184 1932 91 24 19 	18 75 111 893 5800 2206 80 33 	
6 56 235 663 1947 3392 2239 678 	4 38 186 504 1289 3745 2839 611 	1590 1476 1967 2007 1361 597 204 14 	
9 345 1870 1901 1748 1470 859 1014 	90 591 1871 2190 1545 979 743 1207 	1218 2204 1464 1111 738 596 562 1323 	
55 639 2917 3675 1545 329 48 8 	46 472 2434 4053 1797 350 56 8 	246 1860 3103 2469 1227 266 37 8 	
145 2517 4544 1264 357 167 173 49 	1616 743 2698 3208 569 167 140 75 	1718 1999 3229 1104 726 119 94 227 	
71 265 575 1116 2152 2787 1345 905 	48 211 530 924 2077 2816 1713 897 	304 669 877 1317 2369 2016 1058 606 	
41 357 531 523 2099 5252 326 87 	41 408 572 810 5163 2034 139 49 	140 629 728 4894 2557 184 60 24 	
967 1102 1903 2639 2397 121 39 48 	842 356 996 3314 3401 237 64 6 	992 1484 1724 2554 2291 156 15 0 	
1377 3160 2550 723 478 408 284 236 	294 2080 2157 1864 1023 932 495 371 	2599 4354 935 430 306 219 233 140 	
629 1131 1333 1643 1467 2137 852 24 	752 1151 1324 1444 1742 1196 1418 189 	1676 1903 2078 2230 963 346 20 0 	
59 486 1919 2652 2349 1508 199 44 	44 235 832 2185 3051 2398 447 24 	2351 1949 1877 1814 910 293 20 2 	
29 4037 2683 1447 512 370 113 25 	72 2981 4048 1315 574 181 35 10 	607 5931 1801 589 218 52 18 0 	
112 833 634 795 4020 1976 700 146 	143 971 562 753 1445 4369 874 99 	744 1563 964 810 791 874 1639 1831 	
636 1591 2086 2084 1252 861 440 266 	395 1166 1557 2089 1884 1262 585 278 	1550 1926 2167 1499 1172 596 221 85 	
91 1187 3514 2251 950 803 355 65 	110 629 2465 3689 955 820 519 29 	204 744 2277 3624 1148 703 453 63 	
0 571 3122 3333 1340 670 103 77 	99 409 854 3236 2969 1160 392 97 	309 1021 2514 2163 1582 820 383 424 	
649 1788 2345 2237 1168 471 324 234 	403 1023 1539 2120 2297 1113 527 194 	4197 2108 1012 631 501 406 281 80 	
1644 4171 2000 657 414 137 101 92 	1320 3216 2332 1270 778 115 114 71 	1567 4078 1581 1347 377 130 101 35 	
36 101 320 1123 3051 3634 794 157 	65 143 451 1933 4494 1701 371 58 	160 561 2558 4264 1264 336 60 13 	
130 579 518 759 6962 155 60 53 	126 579 517 554 7044 295 51 50 	185 665 444 503 6754 575 52 38 	
68 370 6160 1309 1025 226 51 7 	74 231 1713 6032 841 259 59 7 	137 2128 5126 1029 482 257 53 4 	
630 2294 1686 1348 1235 845 699 479 	798 2310 1771 1702 1204 789 521 121 	3810 1607 1281 908 865 564 141 40 	
49 438 2398 4221 1022 560 470 58 	11 212 1496 4413 1683 659 570 172 	226 1222 3293 2173 522 794 642 344 	
393 398 428 743 4815 2388 34 17 	433 371 418 829 5911 1215 30 9 	1097 1977 5825 262 29 14 10 2 	
413 559 280 372 1523 3133 1938 998 	474 497 405 423 2489 2640 1709 579 	707 388 704 2680 1510 1697 1354 176 	
2 6 181 3744 2043 2585 447 208 	3 7 28 3919 2264 2486 361 148 	3 6 16 3623 2176 2727 463 202 	
3257 1383 1186 1043 1391 530 194 232 	1559 1376 1736 1271 883 1614 547 230 	5685 1146 997 795 392 150 46 5 	
16 685 1544 2436 2075 1242 776 442 	17 719 2183 2347 2002 1229 656 63 	2692 3014 1846 1199 393 59 13 0 	
66 991 2425 2239 1356 812 656 671 	145 455 1795 2437 1768 1024 705 887 	1413 3196 1763 1020 838 463 325 198 	
1394 2471 2009 1406 758 678 477 23 	349 2137 2467 1802 1104 532 663 162 	2883 1909 1672 1128 684 524 298 118 	
70 203 394 727 4093 3391 235 103 	96 241 375 705 4191 3339 194 75 	101 228 382 880 6581 803 170 71 	
36 1079 3331 2544 1361 501 202 162 	71 1135 3470 2606 1101 501 195 137 	386 2725 3343 1831 639 242 44 6 	
35 165 322 695 1984 4848 1081 86 	73 276 570 1626 4838 1630 183 20 	174 521 1477 4837 1936 236 32 3 	
560 1708 1661 2112 1852 894 300 129 	599 1838 1763 2237 1772 688 274 45 	2837 2219 2018 1278 459 226 172 7 	
54 247 1286 1627 1125 1031 1431 2415 	190 595 1602 1344 908 864 947 2766 	98 432 1593 1476 983 874 1000 2760 	
162 377 5397 915 2302 25 25 13 	160 328 4546 1706 2387 58 23 8 	105 308 983 5173 214 2365 61 7 	
1030 1378 1522 995 663 516 1153 1959 	1079 1421 1528 937 581 343 594 2733 	1276 1633 1372 800 465 268 371 3031 	
47 597 1738 1166 2275 3336 55 2 	61 781 1690 1152 2460 3036 34 2 	156 1561 1338 1389 2868 1881 22 1 	
534 793 3857 1222 1235 1052 462 61 	517 1520 3200 1276 1331 1038 309 25 	1545 3896 1208 1149 910 402 103 3 	
245 6036 874 532 548 477 340 164 	245 6015 924 546 566 469 307 144 	1522 5138 505 519 543 489 340 160 	
6486 906 337 291 323 342 285 246 	5727 1700 326 279 321 344 282 237 	6953 540 308 263 313 345 268 226 	
456 1297 1377 847 614 868 2314 1443 	858 1291 1448 663 645 1295 2401 615 	2310 1445 1067 1496 1770 480 479 169 	
1156 518 276 186 147 281 6617 35 	1053 606 264 233 179 623 6246 12 	838 753 284 266 231 6113 726 5 	
59 1552 3385 2016 843 728 396 237 	117 1609 3165 2087 758 743 528 209 	1292 3452 2252 1027 432 405 244 112 	
190 615 1177 4339 2720 165 8 2 	88 405 497 941 3415 3709 159 2 	156 326 335 524 1240 4725 1876 34 	
40 348 996 2012 3052 2147 519 102 	31 297 993 2007 3025 2067 673 123 	44 319 1111 2408 2784 1702 711 137 	
274 2062 3844 2705 302 29 0 0 	197 799 2553 3328 2026 313 0 0 	1304 4464 2987 429 32 0 0 0 	
705 4236 1940 1000 589 420 184 142 	353 2453 3689 1101 619 526 311 164 	1177 4825 1582 649 337 333 156 157 	
7 978 3581 3203 849 431 152 15 	0 177 1312 3450 3104 867 273 33 	33 1430 4891 1746 617 376 112 11 	
287 561 443 6613 1221 83 8 0 	111 457 472 403 270 7260 240 3 	533 385 286 279 184 137 433 6979 	
95 243 948 2989 3522 1094 210 115 	117 276 1490 3708 2805 571 168 81 	191 814 2714 3918 1147 275 109 48 	
187 223 962 1774 2123 3715 114 118 	212 221 745 1606 1928 1409 2995 100 	1669 633 864 970 847 590 1091 2552 	
90 338 962 2134 2526 1781 886 499 	243 1082 2579 2321 1581 929 426 55 	2194 3002 1848 1182 709 243 38 0 	
17 74 336 400 1565 5300 1280 244 	29 163 438 465 6174 1353 464 130 	254 1596 5165 903 683 448 137 30 	
115 453 906 2813 3660 944 208 117 	163 437 740 1863 4438 1342 161 72 	673 1612 4772 1615 295 140 97 12 	
108 260 716 2611 4052 956 397 116 	208 474 879 1553 4706 957 318 121 	468 687 899 1251 3581 1918 278 134 	
35 216 2914 2979 1375 1093 382 222 	60 301 2994 3482 1561 393 285 140 	471 4114 2696 1170 323 215 211 16 	
891 964 1013 1352 1783 1590 956 667 	827 1089 1091 1305 1787 1576 945 596 	764 1198 1450 1681 1740 1225 667 491 	
9 307 1036 3490 4089 274 11 0 	13 206 802 1039 3547 3549 58 2 	131 1009 4312 3243 452 66 3 0 	
2384 4226 1247 431 286 238 249 155 	1076 1975 2931 1969 532 292 261 180 	4295 3618 514 257 172 140 130 90 	
238 184 1060 1957 2317 1925 610 925 	226 196 431 1733 3137 1978 726 789 	1465 1706 2626 1212 675 610 256 666 	
196 507 1302 2845 2874 1210 233 49 	339 870 2202 3367 1896 454 71 17 	1499 3346 3132 1013 188 28 10 0 	
11 89 1382 3194 2699 1540 201 100 	79 107 590 3641 4441 322 34 2 	133 2867 5127 795 181 81 30 2 	
858 2566 3347 1440 541 291 141 32 	996 3275 2627 1284 676 253 97 8 	668 2743 2916 1287 644 486 427 45 	
41 232 311 659 1020 2370 2605 1978 	23 234 233 562 653 2049 2499 2963 	414 675 684 1152 1642 1677 1410 1562 	
73 155 163 477 3190 4776 339 43 	457 311 330 3553 4498 55 6 6 	775 2458 5418 535 16 11 3 0 	
939 86 406 1514 2878 1813 711 869 	979 387 799 1671 2355 1481 764 780 	1729 3683 1981 733 400 225 253 212 	
247 777 1367 1461 1947 2025 1017 375 	481 1166 1460 1351 1977 1889 730 162 	1569 1314 1138 1312 1918 1473 431 61 	
47 302 393 1046 4940 1567 738 183 	91 343 409 1213 5094 1496 540 30 	179 489 725 4019 2642 863 274 25 	
405 1246 1922 2671 1870 739 288 75 	566 1392 2150 2857 1487 517 198 49 	1604 2904 2461 1399 647 127 40 34 	
97 864 1148 2095 1465 1186 2303 58 	21 470 1262 2367 1538 771 2735 52 	4321 798 353 266 277 383 1902 916 	
1954 2690 1449 389 270 349 722 1393 	1262 1648 2289 1162 409 379 773 1294 	3199 2376 705 278 266 413 711 1268 	
7 80 362 1749 3619 2294 550 555 	6 70 191 1229 4132 2303 710 575 	8 66 106 680 3406 3758 720 472 	
75 267 583 684 4313 2804 410 80 	32 252 543 730 4013 2776 731 139 	42 375 464 1120 4592 1943 447 233 	
215 554 2486 2327 1425 1694 505 10 	280 418 1392 3335 1581 1491 718 1 	803 2463 2094 1124 1029 597 1105 1 	
0 60 159 391 1506 5591 1447 62 	49 183 700 4099 3702 450 32 1 	274 2260 4551 1873 241 17 0 0 	
1951 1884 2052 1230 626 412 356 705 	1982 1942 2036 1204 545 377 340 790 	2529 2091 1746 897 455 328 300 870 	
660 1132 973 1244 2700 1883 518 106 	571 1023 766 905 2088 2957 762 144 	1364 1607 1939 2491 1145 491 118 61 	
112 291 258 157 49 411 2350 5588 	95 300 254 163 54 274 2434 5642 	119 278 263 156 49 79 2580 5692 	
13 190 2282 1984 1685 1273 931 858 	5 122 1136 2422 1793 1507 1121 1110 	805 2855 2077 1192 719 573 514 481 	
895 3024 4154 923 68 40 56 56 	53 2174 3786 2948 103 52 60 40 	1 735 3021 4553 772 69 50 15 	
65 259 2521 4589 1029 479 202 72 	74 295 998 3071 3915 587 204 72 	123 663 1275 949 843 4615 610 138 	
538 1997 512 218 126 926 3272 1627 	1181 1511 447 157 216 3723 1974 7 	2098 860 369 2404 3274 204 7 0 	
3 24 101 374 415 1875 4599 1825 	11 74 170 193 479 2237 3627 2425 	59 296 382 1416 4876 1858 328 1 	
19 261 2949 5148 357 261 178 43 	16 242 2157 5995 481 232 78 15 	212 2238 5659 857 183 57 10 0 	
6240 741 256 170 224 369 367 849 	6272 776 243 182 218 364 407 754 	6477 663 230 193 219 382 425 627 	
396 1070 972 1530 2952 1529 379 388 	484 1108 1000 1046 3218 1600 334 426 	1808 1972 1574 1585 1281 545 179 272 	
11 326 1920 2557 1936 1114 749 603 	14 417 1735 2731 2094 1100 602 523 	133 1412 2586 2405 1316 520 327 517 	
1057 2324 862 1354 3246 301 43 29 	19 2386 1580 459 2848 1822 70 32 	0 1911 1950 234 1652 2334 1069 66 	
340 788 2259 2486 1803 972 391 177 	271 452 1015 2797 2467 1482 515 217 	436 676 1931 2213 1572 1347 880 161 	
119 381 6898 1107 295 152 138 126 	215 459 836 6851 517 172 119 47 	499 401 388 1057 6100 598 125 48 	
480 1094 1724 2079 1705 1142 700 292 	593 1497 2046 1899 1411 963 585 222 	969 1637 1992 1588 1314 892 565 259 	
412 2146 1797 1587 1225 1028 644 377 	194 2228 1875 1768 1204 968 632 347 	613 2289 1742 1435 1215 990 638 294 	
1130 1748 1673 1270 1006 846 710 833 	1009 1632 1651 1252 1085 966 756 865 	2118 1858 1371 995 852 811 768 443 	
836 1847 3021 2040 975 321 171 5 	848 1764 3083 2049 969 309 184 10 	989 2168 2834 2005 787 254 173 6 	
333 544 1142 3971 2270 700 228 28 	152 759 1356 3787 2541 500 111 10 	566 918 1896 4088 1392 282 64 10 	
250 1706 6274 487 143 114 118 124 	281 1547 6412 536 146 118 98 78 	267 1292 6488 769 154 113 74 59 	
65 1070 3508 2296 1283 621 288 85 	53 168 2278 4141 1676 598 243 59 	625 4267 2174 1056 598 347 133 16 	
63 110 769 2305 2563 1694 1123 589 	75 111 390 1345 2995 2210 1476 614 	543 980 1824 2026 1381 961 997 504 	
459 628 1586 3229 2414 678 180 42 	497 722 1661 3303 2392 528 82 31 	391 730 1552 3072 2628 693 112 38 	
25 440 4650 2875 843 261 64 58 	39 386 2502 4827 1100 254 68 40 	5675 2644 643 147 52 38 17 0 	
1852 481 586 1096 1745 1985 1123 348 	2054 509 754 1248 2005 1888 616 142 	2640 1140 1747 2111 1168 312 95 3 	
721 1562 1890 1975 1629 972 376 91 	701 1539 1974 2157 1617 873 270 85 	1556 2104 2249 1722 882 491 164 48 	
292 935 1527 1792 1828 1672 959 211 	282 900 1512 1756 2106 1730 775 155 	574 1702 2371 1899 1552 953 161 4 	
842 1282 2100 2679 1679 541 82 11 	745 1244 2141 2834 1616 539 87 10 	1271 1676 2826 2306 865 231 38 3 	
25 299 736 1609 2462 2565 1060 460 	85 522 1216 2267 3118 1363 496 149 	731 1743 2264 2537 1393 402 146 0 	
386 2128 2799 2160 1038 347 208 150 	32 349 1876 2597 2013 1445 709 195 	1309 2790 2243 1498 728 333 218 97 	
140 439 2272 3363 1251 971 476 304 	98 190 584 2426 3149 1509 824 436 	1863 2267 2698 1202 572 312 198 104 	
890 946 4969 1269 186 239 308 409 	891 759 3649 2794 263 279 395 186 	1180 837 3114 2956 332 331 360 106 	
142 597 826 1438 3651 1896 530 136 	191 634 934 1256 2738 3029 397 37 	1528 1597 1354 1275 1441 1579 437 5 	
111 399 4098 2576 1101 785 130 16 	131 306 794 5607 1521 764 86 7 	437 1386 1654 1615 1572 2531 21 0 	
142 537 1296 3393 1744 1206 826 72 	107 527 2071 3416 1466 1097 504 28 	436 899 2627 3030 965 683 470 106 	
110 894 2260 2939 1500 729 573 211 	86 258 949 3009 2617 1295 686 316 	1612 2899 2108 1014 614 515 364 90 	
716 2410 1943 1215 920 798 734 480 	815 2102 2169 1272 900 839 751 368 	1912 2549 1319 974 744 801 628 289 	
836 3296 3545 700 378 370 90 1 	502 2008 4778 1051 411 346 119 1 	2549 4242 1474 341 227 291 92 0 	
925 3824 314 385 329 590 1626 1223 	653 4105 342 320 393 661 1581 1161 	3831 1090 272 332 470 884 1811 526 	
1304 2119 2110 1684 968 614 339 78 	651 2289 2561 1677 1041 705 214 78 	1859 1762 2222 1545 950 669 153 56 	
32 396 1594 4134 2400 525 121 14 	20 445 2095 4193 1954 463 45 1 	138 894 3717 3575 684 186 21 1 	
1147 977 2270 3011 642 383 538 248 	1123 1009 2437 2725 694 289 384 555 	1240 1679 2764 1574 607 242 255 855 	
83 391 1539 2663 1603 2013 820 104 	101 397 983 2880 1834 2108 809 104 	83 1700 2979 786 772 937 1851 108 	
227 685 1338 1996 1753 1282 674 1261 	110 415 800 1755 2171 1825 852 1288 	819 1446 1858 1413 1485 767 278 1150 	
673 1306 2497 2544 971 508 371 346 	577 723 1878 2638 1887 673 427 413 	1812 2746 2110 900 543 366 273 466 	
590 290 251 518 6515 998 48 6 	579 281 243 377 5190 2456 83 7 	622 269 230 399 5448 2168 75 5 	
458 381 315 1576 3609 2658 111 108 	428 431 327 583 1531 5597 259 60 	413 497 730 6291 1025 165 58 37 	
238 744 1659 1790 1736 1528 1025 496 	255 664 1838 1880 1814 1563 860 342 	976 2032 2034 1675 1277 868 322 32 	
9 654 656 3386 4139 187 134 51 	7 667 765 2590 4811 208 133 35 	89 832 833 4695 2495 158 109 5 	
163 368 75 8184 243 115 40 28 	130 360 102 117 8307 136 36 28 	167 291 111 84 209 8249 73 32 	
4751 2520 1218 380 132 80 62 73 	490 5107 2643 681 84 76 71 64 	6483 2018 392 88 76 63 55 41 	
5162 2652 355 360 370 224 90 3 	2818 4333 1255 365 289 116 31 9 	5784 2214 466 346 270 98 26 12 	
30 1105 1983 2724 1329 907 577 561 	1 159 1099 1795 2927 1789 661 785 	1241 2570 1770 1318 849 623 325 520 	
23 214 1013 4372 2819 484 176 115 	9 97 560 1149 4103 2802 356 140 	746 2678 4048 1247 218 174 96 9 	
595 539 634 755 6457 229 7 0 	569 599 719 706 6220 403 0 0 	1088 702 609 515 3255 3047 0 0 	
143 3323 1509 1017 852 757 891 724 	373 3923 1177 939 748 871 801 384 	2206 2737 1302 870 649 816 579 57 	
69 136 252 3905 4430 184 132 108 	53 143 183 999 6040 1573 131 94 	56 141 130 392 3705 4485 220 87 	
207 599 2876 3535 1088 452 374 85 	220 839 3696 2205 691 1046 442 77 	2058 3930 1684 515 321 295 282 131 	
97 775 1773 2023 1904 1544 920 180 	50 587 1514 1764 2071 2014 1060 156 	456 1710 1891 1562 1319 1315 804 159 	
94 643 620 412 5966 1373 58 50 	51 609 663 406 869 6581 37 0 	304 696 534 341 461 6607 273 0 	
153 316 525 696 395 445 6575 111 	209 433 723 601 240 196 6473 341 	343 668 693 397 144 168 2570 4233 	
66 77 184 462 1332 3624 3066 405 	97 132 289 711 2196 4075 1399 317 	226 283 689 1810 3393 1976 589 250 	
224 322 609 1139 1910 2487 1914 611 	334 455 786 1503 2370 2483 1039 246 	951 1175 1938 2552 1890 571 134 5 	
237 4995 1978 830 378 392 269 137 	115 2435 4217 1179 411 366 328 165 	4854 1903 991 560 296 355 160 97 	
331 378 147 357 1613 3771 2215 404 	184 433 481 1352 3522 2768 454 22 	184 551 1479 3445 2993 536 28 0 	
360 560 1568 2527 2078 1200 590 333 	292 459 1064 2225 2345 1605 828 398 	377 851 1736 2732 1746 958 440 376 	
426 968 1938 2596 2066 915 255 52 	401 1272 2633 2554 1658 519 159 20 	870 1499 2439 2227 1501 545 121 14 	
342 334 3886 3504 1056 63 25 6 	381 295 1882 3961 2444 238 14 1 	426 394 1752 2953 2643 1030 18 0 	
3164 3265 2058 465 165 77 18 4 	797 2977 2924 1730 621 126 37 4 	7120 1254 359 189 145 89 51 9 	
2643 3363 2020 688 243 135 88 36 	444 2745 2747 1968 900 299 91 22 	3149 3243 1692 702 239 115 54 22 	
359 2050 1999 2216 1020 352 222 998 	369 2220 2507 2026 701 280 162 951 	685 2562 2775 1563 419 177 137 898 	
1014 120 413 4150 3036 401 60 22 	1023 195 295 679 6116 821 62 25 	1271 1067 4147 2361 316 37 13 4 	
123 294 307 296 234 7626 272 64 	64 325 336 302 239 346 7530 74 	79 314 370 274 249 234 6840 856 	
368 88 157 574 6320 1109 363 237 	368 144 183 526 4708 2762 482 43 	1550 4555 2730 333 41 7 0 0 	
764 1731 2040 2150 1797 660 67 7 	448 759 1793 2128 2214 1550 317 7 	384 466 843 1620 1905 2058 1537 403 	
342 373 843 5557 332 510 1021 238 	282 398 474 1177 5133 534 1003 215 	329 568 3925 2562 490 1037 295 10 	
32 117 275 2093 2500 2199 1348 652 	91 256 326 1739 3016 1678 1158 952 	178 284 1922 2485 1485 520 615 1727 	
9 1923 4187 1426 1135 497 39 0 	4 865 4315 2115 1095 779 43 0 	297 2370 2688 1637 923 675 454 172 	
2 110 629 1490 1995 2427 1675 888 	57 901 1804 2103 1728 1297 908 418 	595 1830 2210 1845 1485 861 277 113 	
69 160 424 1171 3457 3394 459 82 	101 275 1122 3390 3114 965 197 52 	251 1719 4662 1686 483 262 117 36 	
919 1199 1092 1041 1052 1179 1537 1197 	1083 1181 1142 1003 1050 1245 1464 1048 	1249 1179 1300 1164 1374 1490 898 562 	
894 2112 2725 1657 1060 454 204 110 	770 121 1231 3050 2481 1109 397 57 	1934 3545 2011 934 374 206 141 71 	
14 4542 1254 1093 1742 395 114 62 	447 4421 1033 1314 1697 212 64 28 	4562 828 715 1049 1419 566 63 14 	
503 1678 2020 1714 1453 930 402 516 	212 1498 1261 1984 1840 1225 592 604 	1498 1946 1612 1348 1058 619 422 713 	
4112 3007 837 471 312 190 179 108 	1997 3692 2111 573 371 224 171 77 	3579 2993 1360 392 345 280 188 79 	
409 3068 2261 1042 1416 761 185 74 	91 1105 2751 2130 1250 1450 371 68 	307 4618 3045 722 344 99 66 15 	
468 1516 2073 2149 1486 1045 389 90 	818 1549 2274 2188 1468 671 213 35 	2409 2349 1979 1351 774 301 52 1 	
39 6255 536 313 957 745 296 75 	32 4624 2154 303 976 763 304 60 	22 830 5894 287 946 894 313 30 	
102 317 886 755 646 805 804 997 1106 973 679 547 304 155 84 56 	193 315 821 1193 814 952 976 1002 913 708 531 367 240 119 44 28 	534 579 1076 1512 1183 952 824 713 545 448 322 218 195 63 42 10 	
3 28 119 240 358 350 272 257 258 462 998 1665 1547 1296 1015 348 	4 25 120 254 341 353 247 272 274 422 908 1562 1633 1231 816 754 	110 271 342 366 366 548 1036 1425 1506 1363 1113 607 115 48 0 0 	
28 56 57 80 62 87 240 959 2606 2646 1281 532 363 175 32 12 	32 48 59 81 70 77 215 621 2232 2956 1630 588 386 183 26 12 	73 59 82 75 102 97 125 297 1099 2842 2587 1027 482 220 32 17 	
595 760 1001 889 608 503 374 418 424 495 615 608 565 449 355 557 	585 729 971 922 654 539 416 432 468 538 664 649 509 430 346 364 	1083 1005 978 785 587 472 487 546 606 721 597 498 342 277 188 44 	
20 255 408 226 137 167 596 336 388 1583 2636 461 526 472 445 560 	55 371 325 196 103 193 671 460 594 1702 1963 1173 384 346 391 289 	246 411 248 129 114 432 688 621 1087 1326 681 2254 278 316 283 102 	
918 803 1002 1108 1109 909 725 561 543 532 368 196 144 149 94 55 	7 63 267 589 1100 1363 984 1015 1049 1122 614 416 297 203 89 38 	510 754 1101 1127 1157 1337 983 572 423 268 220 192 196 162 154 60 	
33 135 527 1280 1459 1136 860 716 778 726 486 215 204 176 196 289 	42 140 384 594 1064 1084 1118 1075 962 909 676 443 249 171 187 118 	3210 1662 1119 997 722 329 224 180 167 146 134 120 122 80 4 0 	
324 325 346 587 867 1343 1394 1176 1179 1445 191 35 3 1 0 0 	182 324 290 371 693 871 961 1376 1038 652 629 1644 176 8 1 0 	207 313 429 638 808 962 814 598 516 559 472 458 459 550 1374 59 	
33 97 86 108 110 145 259 483 1029 2000 2809 1320 539 144 41 13 	118 120 137 132 194 333 732 1543 2820 1898 811 272 85 18 3 0 	441 180 316 708 1385 2726 2225 783 297 115 31 9 0 0 0 0 	
5 67 426 987 1635 1640 1139 705 539 554 503 407 291 159 92 67 	7 170 694 1132 1444 1403 1270 836 583 545 453 308 198 101 53 19 	129 413 1088 1731 1404 1043 698 580 513 463 402 284 181 142 82 63 	
432 891 894 782 712 987 1706 1824 707 140 48 23 15 14 12 29 	78 286 620 902 830 733 811 1131 1952 1411 363 34 14 11 17 23 	59 217 234 361 705 837 815 701 935 1562 1945 717 79 15 16 18 	
95 171 254 378 491 418 380 424 433 538 533 628 832 1346 1355 940 	60 162 161 275 324 438 527 452 441 528 539 573 603 984 1763 1386 	572 644 746 688 729 786 693 779 684 633 534 595 482 282 232 137 	
92 162 162 201 304 422 504 719 1085 1317 1336 1293 889 428 192 110 	192 208 243 336 444 549 818 992 1232 1278 1147 728 514 318 136 81 	746 540 733 987 1283 1304 1307 1082 669 328 157 51 22 5 2 0 	
118 169 164 251 286 563 2614 1552 827 885 817 434 343 147 38 8 	22 101 176 254 276 382 465 451 453 1962 3509 424 421 236 70 14 	82 170 276 317 630 3227 1185 1350 560 266 273 400 330 117 24 9 	
136 246 195 221 162 143 154 176 239 589 1543 2942 1890 260 137 183 	124 233 219 200 176 144 139 134 198 287 686 2054 3501 859 154 108 	403 263 225 231 301 246 270 324 465 713 1288 2148 1771 396 127 45 	
2772 3172 893 507 407 252 143 122 128 120 115 128 133 114 90 120 	1469 3011 1911 607 434 314 279 216 133 124 138 132 117 129 120 82 	5769 1434 501 293 165 152 136 144 104 127 106 82 71 72 46 14 	
638 1604 1407 892 637 530 382 297 255 237 209 161 140 450 789 588 	683 1626 1452 886 668 542 376 270 246 210 172 139 145 496 800 505 	1097 1939 1436 904 593 360 254 179 145 144 126 148 218 573 760 340 	
11 17 23 37 61 101 259 671 1841 4409 1072 395 171 90 38 20 	8 22 16 43 63 116 252 682 1992 4332 1003 353 192 92 34 16 	17 29 44 63 133 240 752 2244 4079 913 331 190 107 45 13 16 	
47 728 497 250 314 1329 2477 1861 774 420 180 156 155 26 2 0 	41 705 513 248 272 347 1291 2425 1811 862 294 182 151 72 2 0 	132 865 370 386 818 1637 2261 1268 654 412 252 101 33 17 8 2 	
0 1 8 118 1994 3576 632 573 784 346 179 154 148 125 169 409 	0 0 8 19 170 2165 3619 986 874 263 164 142 157 159 233 257 	145 217 1474 4027 960 635 747 190 144 135 115 114 116 126 69 2 	
0 12 27 259 937 1196 1991 1550 911 641 349 60 40 26 98 1119 	12 25 69 649 1264 1991 1796 1343 626 103 49 35 27 51 62 1114 	29 149 496 1175 1273 1459 1276 722 697 351 278 60 25 75 81 1070 	
11 19 91 605 1078 1476 1428 998 921 1123 650 331 180 93 101 111 	11 12 58 161 428 1020 1760 1635 1310 1386 679 276 139 105 108 128 	424 979 1778 1578 1444 1364 687 305 153 110 84 55 53 61 76 65 	
372 508 254 154 201 383 513 682 916 1505 1801 889 437 280 130 191 	512 510 200 158 293 408 578 685 927 1728 1567 755 408 193 119 175 	232 678 627 390 394 562 819 1305 1601 1348 592 299 175 65 68 61 	
179 510 635 612 718 899 1232 1386 1043 604 189 64 446 469 213 17 	204 616 743 760 947 1242 1338 1191 672 200 90 39 27 58 468 621 	252 678 795 814 997 1256 1369 1169 489 121 50 34 16 22 39 1115 	
472 1219 1296 976 753 722 806 675 542 503 409 340 235 149 100 19 	292 1340 1530 1013 894 906 837 715 539 403 327 205 144 58 11 2 	2362 2088 1047 808 725 634 514 383 259 190 107 57 34 7 1 0 	
18 26 46 107 138 183 300 563 988 1279 1378 2570 1524 92 2 2 	22 74 120 187 217 244 448 868 981 794 975 1766 2212 305 3 0 	83 151 244 333 505 846 796 577 481 521 802 1406 2134 329 8 0 	
12 69 219 654 1490 2757 2234 806 342 177 126 87 87 70 50 36 	17 89 269 814 1756 2733 1987 686 300 174 123 81 77 57 31 22 	24 84 265 831 1620 2480 2126 845 332 196 123 96 79 63 33 19 	
62 209 277 169 205 224 213 693 1386 2535 2015 761 263 138 48 18 	77 239 236 191 193 181 1073 2552 2203 1252 400 238 192 123 50 16 	153 221 231 189 262 1365 3017 1962 715 372 223 169 163 117 38 19 	
294 784 1287 1952 2195 1399 597 249 110 93 76 83 62 21 9 5 	345 827 1248 1830 2208 1514 612 215 85 83 62 75 67 27 13 5 	1025 1625 2235 2133 1084 410 187 111 90 73 52 63 62 36 25 5 	
0 15 37 70 112 223 316 459 955 4755 1519 458 200 62 25 10 	437 402 443 435 551 917 4145 1690 93 42 29 13 9 5 5 0 	599 418 441 446 691 2003 3931 490 89 34 38 18 9 5 4 0 	
234 355 997 1823 1564 1049 788 538 476 466 357 194 151 97 64 63 	136 196 164 426 1063 2347 1502 804 627 542 460 357 304 150 78 60 	2599 1440 1334 1111 710 551 376 326 224 159 132 78 68 54 35 19 	
23 119 565 677 702 1844 1975 473 240 359 922 867 295 84 40 31 	13 53 89 391 733 597 989 2368 1406 644 1038 602 164 50 46 33 	39 72 212 557 631 623 1131 2499 2100 843 258 111 50 32 38 20 	
370 120 133 197 213 574 661 960 1527 2565 622 280 318 342 189 145 	425 102 94 78 443 940 1999 3413 405 233 295 339 233 130 58 29 	426 125 122 438 1893 4345 756 355 323 226 111 55 20 3 10 8 	
4 110 231 244 492 1952 2197 2231 716 316 189 164 112 101 79 78 	10 152 351 393 373 1322 2749 2462 794 241 159 121 68 16 3 2 	950 660 722 2753 2923 685 213 119 73 51 40 20 5 2 0 0 	
331 936 1815 2204 1624 922 499 293 168 189 110 54 20 20 24 7 	163 579 803 1046 1258 1442 1212 1029 700 349 242 134 58 86 84 31 	852 1548 2172 1925 1091 651 318 190 129 115 113 40 18 20 16 18 	
23 52 468 2248 3795 1901 446 137 75 26 13 8 6 8 5 5 	11 11 31 44 146 723 2448 3736 1657 275 62 29 14 10 9 10 	7 11 34 41 53 58 191 702 2096 3704 1898 308 55 25 16 17 	
2 4 16 40 68 167 242 421 692 1255 1761 1631 1325 914 463 215 	1 3 8 30 54 132 193 311 414 875 1588 2157 1835 1004 471 140 	943 647 719 757 956 1011 1081 926 778 583 360 237 149 55 8 6 	
1 8 56 289 682 1188 966 935 829 919 882 588 453 406 370 644 	17 73 183 408 1058 813 1125 1065 833 712 566 413 382 361 438 769 	166 1052 1328 876 769 695 616 495 374 364 313 283 262 300 307 1016 	
12 43 135 504 1158 1759 2100 1575 1030 515 249 80 39 9 8 0 	10 36 101 371 825 1609 2064 1989 1183 614 268 82 41 15 5 3 	52 194 613 1247 1617 1486 1323 1146 795 432 191 75 31 6 7 1 	
62 83 515 2002 2535 2009 907 357 237 120 76 91 98 75 41 8 	990 626 394 349 720 1978 2227 981 444 125 78 89 73 67 47 28 	1331 387 732 1267 1994 1235 577 527 471 255 67 52 34 60 74 153 	
20 51 90 175 233 342 470 646 895 1257 1541 1246 785 560 469 436 	18 30 76 135 212 318 401 523 762 1315 1528 1288 983 730 450 447 	98 206 279 390 400 477 575 742 1061 1308 1119 897 607 451 285 321 	
4 37 117 240 282 249 266 257 508 1591 3575 1677 240 86 51 36 	2 39 143 265 318 254 315 495 1729 3434 1751 283 71 68 28 21 	34 106 273 356 326 402 1290 3604 2114 443 110 74 43 17 16 8 	
725 242 273 829 993 910 1131 1508 1583 814 98 23 21 18 23 25 	624 218 171 185 301 695 1497 1817 2172 1229 157 80 35 29 4 2 	714 278 559 925 855 869 1149 1405 1345 946 129 27 13 2 0 0 	
205 1172 1688 1472 1383 1167 463 260 255 223 211 197 143 141 112 124 	127 167 901 1179 1124 1033 892 972 620 403 411 521 336 159 145 226 	379 2220 3195 1159 635 300 226 204 153 153 113 106 117 116 78 62 	
160 469 539 592 649 684 741 902 737 730 952 1185 663 189 24 0 	213 539 567 584 649 675 644 800 855 887 656 540 770 648 185 4 	971 705 844 1059 1010 1068 1227 1003 554 409 237 109 19 1 0 0 	
16 43 139 347 727 1192 1378 1274 1177 1172 985 523 132 67 22 22 	11 33 91 144 261 571 900 1285 1547 1504 1431 967 397 50 17 7 	1364 987 1011 938 965 912 992 822 562 348 230 63 16 4 1 1 	
1 28 341 3696 1746 937 790 657 297 215 206 164 85 28 20 5 	9 63 330 2651 2812 1236 708 607 347 227 121 60 25 10 10 0 	161 446 2787 3144 1255 546 358 231 153 65 39 13 8 10 0 0 	
20 92 212 621 429 205 287 508 960 3060 1277 699 446 254 117 29 	35 108 344 627 338 224 267 486 700 745 1166 3203 610 264 89 10 	226 518 837 726 511 453 401 409 385 406 411 463 613 1026 1584 247 	
109 527 726 865 933 1153 1114 970 670 582 508 353 249 191 143 123 	45 350 529 637 715 842 980 1109 1002 882 694 568 372 213 133 145 	537 1013 992 934 1129 1038 784 715 656 516 364 232 136 85 63 22 	
41 50 184 1003 1423 2091 1437 814 477 473 440 363 242 113 46 19 	54 56 119 510 1295 1170 1763 1926 504 451 399 421 406 113 22 7 	87 117 202 542 1228 1049 1430 2194 773 375 366 337 296 157 43 20 	
0 0 26 545 1359 1763 1988 1345 808 532 422 248 55 48 37 40 	9 90 266 143 100 754 1383 1853 1885 1084 758 402 220 172 84 13 	71 238 263 758 1249 1265 1135 1028 927 655 479 341 229 154 131 293 	
208 441 860 928 1148 1197 1186 1051 706 462 258 213 147 177 184 50 	167 236 385 638 695 844 989 1131 1301 996 637 476 302 225 162 32 	2366 1831 1210 898 604 408 355 276 275 226 234 172 133 148 54 26 	
351 1293 2252 1919 897 1103 431 226 212 202 88 49 49 52 48 44 	243 1077 1586 1630 1479 853 476 794 576 202 56 59 60 54 55 16 	318 1249 2158 1920 900 681 901 446 251 126 70 60 61 40 31 4 	
6 30 39 62 108 212 407 716 1050 2001 2245 1389 538 256 97 60 	18 47 49 94 161 290 636 1297 2211 2283 1215 486 253 118 34 24 	75 85 158 403 811 1747 2349 1915 865 399 215 121 36 24 12 1 	
25 105 231 348 270 248 215 544 3700 3262 115 40 36 24 23 30 	21 105 232 347 275 242 186 368 2444 4600 254 41 32 19 26 24 	39 146 357 308 237 207 170 333 1803 4951 545 30 30 22 28 10 	
19 49 92 278 3140 3020 642 667 632 393 167 59 32 19 4 3 	24 50 74 157 347 1366 5032 1000 517 324 191 68 38 21 5 2 	55 82 190 1938 4204 922 648 381 261 221 178 79 37 16 3 1 	
105 525 1167 1127 926 760 710 638 639 596 461 384 368 331 244 235 	139 659 1086 1224 995 776 770 932 712 492 417 372 298 223 97 24 	2464 1346 882 725 663 618 460 448 469 396 331 233 93 48 25 15 	
10 39 115 323 745 1653 2435 1786 659 363 274 286 300 170 56 2 	1 10 45 167 450 1046 2323 2090 1045 638 351 308 314 256 150 22 	57 169 416 806 1343 1950 1657 516 263 259 395 399 353 289 221 123 	
118 275 225 173 192 236 281 462 1411 3404 2334 54 18 16 9 8 	148 285 201 170 187 231 299 530 1425 4486 1188 27 18 12 6 3 	656 441 443 1534 4029 1796 239 23 10 19 8 6 7 3 2 0 	
184 229 320 239 157 123 152 220 443 1080 1702 1431 1092 846 584 414 	211 263 237 260 213 192 175 248 695 1794 1650 990 985 724 438 141 	428 279 202 186 257 447 1236 1444 924 586 691 1006 857 497 154 22 	
0 2 6 0 4 177 3057 687 1060 983 1508 1077 285 162 135 73 	1 2 5 2 5 23 3123 796 1141 1123 1730 756 206 155 105 43 	1 2 5 1 4 12 2591 1032 1102 1074 1577 1150 310 153 125 77 	
2329 928 698 685 611 575 502 541 759 632 365 165 111 83 58 174 	916 643 616 760 944 792 702 569 386 497 707 907 413 134 65 165 	4814 871 611 535 487 510 458 337 223 169 113 37 31 15 4 1 	
1 15 207 478 569 975 1281 1155 1128 947 699 543 404 372 324 118 	6 11 160 559 880 1303 1159 1188 1069 933 728 501 414 242 41 22 	1011 1681 1679 1335 1004 842 636 563 292 101 42 17 10 3 0 0 	
1 65 341 650 1207 1218 1219 1020 760 596 436 376 355 301 333 338 	41 104 116 339 672 1123 1240 1197 1017 751 616 408 387 318 265 622 	413 1000 1614 1582 1059 704 570 450 451 387 275 188 163 162 123 75 	
232 1162 1399 1072 1054 955 821 585 380 378 300 378 306 171 22 1 	17 332 767 1370 1217 1250 1097 705 659 445 299 233 282 381 149 13 	1377 1506 1020 889 858 814 634 494 393 291 275 249 146 152 111 7 	
19 51 86 117 183 211 284 443 721 3372 3145 246 135 100 62 41 	31 65 85 156 188 187 276 429 794 3397 3104 235 121 73 39 36 	28 73 85 143 189 193 301 579 2230 4351 642 161 102 68 40 31 	
7 29 178 901 1550 1781 1424 1120 779 582 319 182 101 101 100 62 	13 58 204 931 1771 1699 1548 1058 653 448 312 189 119 76 78 59 	89 297 931 1794 1877 1466 1121 710 372 267 197 45 27 17 5 1 	
5 30 60 105 151 171 285 410 637 1347 2640 2208 799 282 63 23 	12 61 107 169 223 347 567 1059 2266 2572 1195 435 149 34 16 4 	52 122 204 317 520 957 2168 2669 1432 504 187 49 21 11 1 2 	
92 468 860 848 763 898 1024 1088 1013 839 564 330 178 122 109 20 	83 516 990 848 800 963 1111 1126 999 773 459 229 138 136 38 7 	1780 1057 1135 1084 1105 913 769 509 317 142 110 116 107 65 7 0 	
14 40 61 186 464 822 852 775 579 546 493 538 578 853 1484 931 	103 87 178 417 769 833 750 594 480 428 407 457 427 520 720 2046 	49 49 127 305 690 903 817 659 549 434 421 453 460 540 836 1924 	
33 129 150 227 821 4576 754 161 2109 193 11 14 13 12 9 4 	27 133 148 180 537 4009 1571 135 163 2224 38 20 10 13 6 2 	9 96 165 143 222 761 4259 914 111 103 162 2203 45 16 5 2 	
487 543 611 767 781 741 554 441 376 287 225 291 451 702 1047 912 	492 587 633 788 822 706 501 436 344 237 170 173 213 381 1117 1616 	568 708 785 848 806 566 448 352 275 190 121 147 155 216 421 2610 	
6 41 125 472 881 857 621 545 692 1583 2681 655 52 3 2 0 	8 53 165 616 882 808 604 548 725 1735 2458 578 32 2 2 0 	29 127 519 1042 797 541 623 766 984 1884 1596 285 21 1 1 0 	
249 285 311 482 1392 2465 609 613 610 625 582 470 341 121 49 12 	222 295 353 1167 2529 671 647 629 634 697 623 415 235 74 20 5 	861 684 3106 790 607 601 600 549 484 426 267 135 76 27 2 1 	
16 229 1693 4343 565 309 292 240 274 274 245 232 185 155 96 68 	16 229 1576 4439 603 321 300 246 291 275 238 231 163 144 87 57 	97 1425 4526 612 244 261 272 247 257 286 272 217 195 145 104 56 	
3278 3208 620 286 179 158 139 152 162 161 171 171 156 129 119 127 	2020 3707 1309 391 175 151 131 148 158 163 171 173 152 130 101 136 	5351 1602 324 216 153 155 115 148 157 156 179 166 146 122 108 118 	
179 277 455 842 565 812 532 315 310 304 348 520 936 1378 1049 394 	481 377 634 657 704 744 364 299 299 346 449 846 1387 1014 421 194 	805 1505 712 733 602 465 714 782 1266 504 253 227 250 229 87 82 	
166 990 343 175 138 138 110 76 65 82 101 180 3704 2913 31 4 	159 894 430 176 136 128 132 101 67 112 91 532 6050 196 11 1 	140 698 495 258 134 150 128 138 109 122 486 5627 694 32 4 1 	
12 47 243 1309 1659 1726 1302 714 453 390 423 305 254 142 132 105 	23 94 476 1133 1466 1699 1378 709 452 306 340 403 337 191 126 83 	218 1074 1720 1732 1230 1022 685 342 243 189 207 198 145 99 74 38 	
47 143 263 352 482 695 1319 3020 2079 641 143 22 6 2 2 0 	8 80 166 239 240 257 375 566 994 2421 2864 845 144 15 2 0 	30 126 165 161 166 169 221 303 473 767 1528 3197 1572 304 33 1 	
8 32 116 232 382 614 833 1179 1442 1610 1268 879 374 145 59 43 	5 26 99 198 366 627 869 1138 1489 1536 1229 838 462 211 71 52 	9 35 77 242 406 705 1037 1371 1551 1233 992 710 471 240 93 44 	
19 255 881 1181 1963 1881 1762 943 224 78 28 1 0 0 0 0 	5 192 337 462 972 1581 1726 1602 1115 911 285 28 0 0 0 0 	357 947 2148 2316 1864 1123 353 76 25 7 0 0 0 0 0 0 	
31 674 1891 2345 1169 771 585 415 348 241 216 204 103 81 96 46 	27 326 1202 1251 1775 1914 767 334 315 304 299 227 211 100 81 83 	249 928 2464 2361 945 637 423 226 175 162 171 162 96 60 100 57 	
0 7 382 596 1301 2280 1913 1290 545 304 249 182 110 42 11 4 	0 0 8 169 438 874 1549 1901 1695 1409 519 348 194 79 24 9 	6 27 590 840 2417 2474 1250 496 339 278 203 173 83 29 10 1 	
101 186 268 293 255 188 632 5981 948 273 65 18 8 0 0 0 	29 82 164 293 248 224 212 191 145 125 1478 5782 232 8 3 0 	286 247 219 166 154 132 148 131 106 78 63 74 159 274 728 6251 	
33 62 86 157 274 674 1117 1872 1981 1541 828 266 132 78 58 57 	46 71 103 173 479 1011 1646 2062 1736 1069 391 180 96 72 42 39 	82 109 212 602 1039 1675 2108 1810 809 338 173 102 73 36 40 8 	
100 87 99 124 381 581 730 1044 1051 1072 3500 215 75 39 41 77 	112 100 118 103 262 483 655 951 990 938 584 825 2933 62 41 59 	1356 313 298 335 401 463 495 475 424 423 312 278 373 718 2512 40 	
9 81 130 208 351 611 981 1153 1311 1215 1037 744 533 353 296 203 	92 151 294 788 1258 1321 1265 1056 884 697 525 404 267 159 50 5 	773 1421 1609 1393 1044 804 572 610 473 236 172 71 37 1 0 0 	
4 13 19 55 146 190 203 197 235 1330 4236 1064 817 463 136 108 	10 19 48 115 213 225 232 233 2233 3941 702 651 345 119 85 45 	135 119 254 1342 4235 930 520 383 350 333 312 136 83 54 22 8 	
37 78 185 268 364 542 928 1885 2239 1421 692 252 141 67 59 58 	62 101 180 257 313 427 560 1303 2587 1851 1054 288 97 64 53 19 	338 335 549 1063 2241 2531 1167 448 172 123 83 57 54 43 11 1 	
35 73 102 158 272 444 761 1850 3130 922 529 427 249 148 82 34 	80 128 190 284 395 484 617 936 1904 2802 643 314 180 138 75 46 	242 226 319 368 416 483 595 656 1114 2467 1662 256 142 136 78 56 	
7 28 79 137 618 2296 2082 897 718 657 600 493 194 188 173 49 	11 49 99 202 478 2516 2521 961 883 678 227 166 163 122 118 22 	214 257 698 3416 1674 1022 842 328 186 137 96 119 112 99 15 1 	
297 594 501 463 486 527 616 736 844 939 866 724 552 404 276 391 	270 557 542 547 517 574 609 696 856 931 868 708 551 394 238 358 	322 442 557 641 700 750 776 905 934 806 687 538 419 248 192 299 	
0 9 63 244 480 556 962 2528 2973 1116 232 42 10 1 0 0 	0 13 59 147 324 478 515 524 951 2596 2738 811 52 6 2 0 	18 113 371 638 1627 2685 2201 1042 334 118 47 19 3 0 0 0 	
630 1754 2199 2027 866 381 239 192 147 139 120 118 125 124 100 55 	254 822 869 1106 1421 1510 1427 542 369 163 137 155 127 134 89 91 	1331 2964 2371 1247 347 167 134 123 86 86 64 76 58 72 62 28 	
164 74 59 125 331 729 1016 941 977 1340 1321 604 355 255 323 602 	157 69 88 108 181 250 653 1080 1312 1825 1374 604 417 309 218 571 	805 660 801 905 1419 1207 697 515 364 311 323 287 177 79 113 553 	
32 164 220 287 521 781 1229 1616 1637 1237 743 467 171 62 31 18 	106 233 319 551 832 1370 1765 1602 1215 681 327 127 53 18 13 4 	714 785 1458 1888 1821 1311 684 329 134 54 18 10 10 0 0 0 	
1 10 11 78 454 928 1499 1695 1439 1260 1220 320 125 76 45 55 	40 39 51 56 127 463 1431 2210 3022 1419 265 57 20 14 2 0 	50 83 753 2114 2623 2504 632 163 98 83 44 37 23 7 1 1 	
219 639 1031 1535 1872 1475 986 454 290 251 182 109 102 39 25 7 	238 758 1330 1945 1678 949 724 560 417 259 180 73 62 35 8 0 	199 469 1154 1589 1793 1123 767 520 365 279 238 248 270 157 40 5 	
4 37 112 120 99 212 338 321 345 675 1255 1115 979 1626 1342 636 	2 21 114 120 98 135 244 318 318 335 746 1303 1236 1263 1880 1083 	153 261 344 331 374 310 354 798 975 667 739 938 668 742 1050 512 	
15 58 72 83 67 96 123 354 1104 2086 2834 1942 277 62 22 21 	244 213 185 126 105 225 1046 2507 3301 1197 46 9 2 4 5 1 	548 227 558 1900 2796 2622 461 74 9 7 4 7 3 0 0 0 	
911 28 6 80 174 232 330 1184 1405 1473 1200 613 416 295 254 615 	930 49 145 242 255 544 671 1000 1255 1100 840 641 451 313 257 523 	1144 585 1743 1940 1324 657 442 291 226 174 126 99 72 181 208 4 	
98 149 280 497 644 723 732 729 870 1077 1095 930 626 391 188 187 	206 275 476 690 757 703 656 695 910 1067 1042 847 494 236 90 72 	936 633 706 608 581 557 555 757 890 1028 911 562 311 120 30 31 	
5 42 134 168 179 214 313 733 2224 2716 1043 524 466 272 110 73 	20 71 147 196 191 218 363 850 2321 2773 993 503 391 149 27 3 	73 106 206 283 286 439 1319 2700 1827 815 445 418 221 53 15 10 	
58 347 550 696 804 1118 1270 1401 1165 705 433 306 212 76 45 30 	101 465 594 798 924 1226 1452 1405 872 615 321 196 111 87 39 10 	689 915 1307 1597 1414 1047 770 629 418 229 86 41 16 24 24 10 	
5 92 358 506 524 624 1042 1053 958 507 364 822 2010 293 35 23 	9 12 100 370 579 683 1010 1357 1149 389 318 453 1647 1088 35 17 	2396 1925 535 263 200 153 146 120 132 145 169 214 315 1587 916 0 	
1148 806 1322 1368 979 470 240 149 130 140 158 191 301 421 534 859 	998 264 609 1039 1173 1116 766 396 234 175 159 220 339 434 488 806 	1734 1465 1385 991 486 219 160 118 126 140 167 246 321 390 505 763 	
1 6 26 54 110 252 571 1178 2282 1337 553 1741 261 289 391 164 	1 5 27 43 50 141 384 845 2064 2068 485 1818 419 291 429 146 	1 7 32 34 35 71 176 504 1080 2326 1984 1774 412 308 326 146 	
23 52 87 180 299 284 283 401 1364 2949 2153 651 239 171 63 17 	3 29 78 174 304 239 280 450 1570 2443 1755 1021 471 260 114 25 	7 35 137 238 198 266 302 818 1930 2662 1431 512 228 219 167 66 	
96 119 152 402 800 1686 1445 882 661 764 560 1134 462 43 9 1 	143 137 179 239 406 986 1892 1443 832 749 644 847 713 5 1 0 	336 467 1155 1308 1171 923 615 509 587 442 304 293 999 106 1 0 	
0 0 14 46 61 98 155 236 480 1026 2622 2969 1227 220 55 7 	9 40 77 106 206 494 1475 2624 2451 1251 349 101 29 3 1 0 	123 151 439 1821 2340 2211 1383 490 176 65 15 2 0 0 0 0 	
937 1014 918 966 995 1057 759 471 374 252 224 188 198 158 156 549 	981 1001 942 1000 1025 1011 703 501 320 225 218 159 194 146 173 617 	1348 1181 1034 1057 1042 704 513 384 258 197 169 159 162 138 164 706 	
212 448 570 562 470 503 556 688 1087 1613 1085 798 414 104 63 43 	167 404 516 507 391 375 410 495 679 1409 1697 1260 588 174 85 59 	604 760 841 766 912 1027 1415 1076 654 491 340 151 61 57 28 33 	
29 83 146 145 131 127 85 72 32 17 37 374 2060 290 5379 209 	19 76 154 146 130 124 93 70 37 17 25 249 1927 507 3830 1812 	29 90 142 136 140 123 86 70 37 12 8 71 714 1866 257 5435 	
5 8 26 164 832 1450 1084 900 885 800 676 597 493 438 417 441 	1 4 18 104 350 786 1372 1050 868 925 825 682 572 549 471 639 	244 561 1296 1559 1175 902 689 503 419 300 302 271 258 256 257 224 	
71 824 1366 1658 1967 2187 821 102 45 23 24 16 21 35 26 30 	1 52 773 1401 1741 2045 2289 659 71 32 30 22 30 30 22 18 	0 1 58 677 1253 1768 2142 2411 710 62 36 33 33 17 10 5 	
20 45 78 181 335 2186 3277 1312 634 395 294 185 112 90 40 32 	16 58 89 206 384 614 720 2351 2951 964 341 246 141 63 37 35 	26 97 239 424 647 628 554 395 308 535 2799 1816 415 195 92 46 	
37 501 1352 645 313 199 139 79 32 94 277 649 1239 2033 1434 193 	72 1109 1048 463 237 210 104 53 38 178 1294 2429 1667 307 6 1 	903 1195 552 308 183 186 520 1884 2169 1105 173 31 6 1 0 0 	
0 3 5 19 37 64 200 174 187 228 480 1395 2568 2031 1446 379 	1 10 30 44 65 105 87 106 130 349 762 1475 1772 1855 988 1437 	22 37 110 186 194 188 285 1131 2371 2505 1363 495 315 13 1 0 	
1 18 68 193 570 2379 4551 597 196 161 157 104 122 56 28 15 	2 14 54 188 450 1707 4915 1080 280 201 117 115 53 25 11 4 	35 177 741 1497 2737 2922 620 237 131 52 38 19 7 3 0 0 	
3045 3195 532 209 141 115 88 82 105 119 166 203 191 176 358 491 	2926 3346 557 219 135 108 83 99 96 122 168 196 192 215 309 445 	4132 2345 461 202 116 114 89 104 98 121 187 195 204 221 290 337 	
96 300 491 579 474 498 492 1038 1425 1527 1031 498 243 136 105 283 	118 366 555 553 507 493 459 587 1266 1952 1103 497 185 149 115 311 	835 973 1074 898 788 786 788 797 750 531 353 192 98 81 115 157 	
2 9 30 296 794 1126 1335 1222 1106 830 668 446 369 380 330 273 	4 10 60 357 712 1023 1334 1397 1209 885 611 489 329 273 235 288 	11 122 491 921 1210 1376 1301 1104 782 534 306 214 170 157 198 319 	
6 1051 1004 1320 638 224 235 1119 2048 1198 254 47 26 17 14 15 	0 19 1421 965 1267 313 207 252 1126 1722 1415 407 40 30 9 23 	0 0 345 1566 1340 610 124 110 472 1180 1048 1286 936 133 29 37 	
132 208 282 506 1106 1153 1222 1264 983 820 576 396 227 164 110 67 	87 184 214 238 355 660 1361 1436 1193 1274 955 527 322 193 121 96 	220 216 263 413 811 1120 1230 983 824 748 674 673 630 250 90 71 	
54 65 139 242 1590 5308 863 244 136 159 87 65 66 72 54 72 	97 118 185 274 238 598 3868 2983 382 135 90 82 66 53 27 20 	231 268 209 192 191 197 287 770 2780 3320 492 106 74 51 32 16 	
142 338 469 625 844 880 1045 1034 927 778 650 492 412 288 194 98 	230 363 628 869 1031 1015 992 907 768 643 534 429 337 248 155 67 	440 529 737 900 1012 980 822 766 676 638 476 416 330 235 153 106 	
65 347 1118 1028 971 826 788 799 618 607 591 437 357 287 230 147 	55 139 924 1304 955 920 892 876 651 553 536 432 340 292 243 104 	178 435 1223 1066 867 875 763 672 664 551 548 442 358 280 198 96 	
508 622 826 922 900 773 679 591 530 476 471 375 377 333 346 487 	419 590 769 863 846 805 683 569 561 524 518 448 408 348 340 525 	1147 971 890 968 737 634 486 509 465 387 408 403 361 407 338 105 	
344 492 694 1153 1581 1440 1128 912 632 343 195 126 124 47 5 0 	344 504 686 1078 1571 1512 1190 859 630 339 192 117 109 75 10 0 	430 559 910 1258 1437 1397 1224 781 503 284 156 98 108 65 6 0 	
38 295 281 263 375 767 1882 2089 1486 784 438 262 154 74 17 11 	49 103 450 309 528 828 1487 2300 1687 854 332 168 75 36 9 1 	172 394 399 519 756 1140 1950 2138 966 426 188 94 45 19 10 0 	
77 173 293 1413 3717 2557 350 137 83 60 65 49 65 53 50 74 	81 200 328 1219 3475 2937 396 140 75 71 60 58 57 41 37 41 	98 169 340 952 3230 3258 615 154 86 68 60 53 44 30 37 22 	
12 53 138 932 1962 1546 1229 1067 792 491 349 272 183 105 61 24 	9 44 64 104 438 1840 2356 1785 1071 605 343 255 149 94 40 19 	94 531 2055 2212 1313 861 652 404 311 287 200 147 90 43 13 3 	
40 23 41 69 325 444 891 1414 1395 1168 939 755 583 540 509 80 	45 30 50 61 127 263 576 769 1155 1840 1296 914 719 757 549 65 	142 401 357 623 854 970 1104 922 768 613 554 407 487 510 393 111 	
246 213 262 366 585 1001 1493 1736 1527 887 432 246 118 62 22 20 	244 253 299 423 627 1034 1547 1756 1534 858 381 147 55 27 24 7 	187 204 276 454 630 922 1400 1672 1576 1052 474 219 73 39 14 24 	
6 19 73 367 1816 2834 1976 899 518 325 191 70 38 26 33 25 	8 31 81 305 627 1875 3115 1712 783 317 167 87 42 26 17 23 	2871 2804 1790 854 386 257 98 49 32 20 25 13 14 3 0 0 	
1302 550 239 242 248 338 441 655 785 960 1053 932 711 412 199 149 	1743 311 245 264 343 411 519 729 968 1037 1090 798 434 182 97 45 	2220 420 489 651 818 929 1109 1002 720 448 219 93 68 27 3 0 	
211 510 690 872 925 965 1015 960 883 746 560 412 250 126 53 38 	285 416 663 876 962 1012 1083 1074 899 718 479 394 172 98 52 33 	788 768 1013 1091 1113 1136 949 773 526 356 301 190 94 70 34 14 	
37 255 344 591 716 811 866 926 978 850 849 823 639 320 149 62 	20 262 349 551 685 827 848 908 1021 1085 989 741 486 289 123 32 	158 416 708 994 1138 1233 1018 881 783 769 600 353 115 46 4 0 	
356 486 580 702 936 1164 1323 1356 1035 644 353 188 61 21 8 3 	312 433 544 700 877 1264 1453 1381 1016 600 313 226 66 21 9 1 	709 562 726 950 1332 1494 1406 900 559 306 152 79 30 8 3 0 	
4 21 97 202 301 435 674 935 1063 1399 1515 1050 620 440 301 159 	16 69 200 322 492 724 974 1293 1662 1456 854 509 323 173 140 9 	240 491 819 924 1051 1213 1294 1243 897 496 258 144 108 38 0 0 	
115 271 776 1352 1399 1400 1207 953 668 370 200 147 108 100 80 70 	5 27 94 255 611 1265 1419 1178 1086 927 800 645 453 256 127 68 	348 961 1373 1417 1244 999 858 640 440 288 207 126 128 90 61 36 	
55 85 179 260 643 1629 2249 1114 678 573 545 426 289 187 157 147 	43 55 69 121 243 341 601 1825 1925 1224 883 626 525 299 182 254 	1112 751 1073 1194 1607 1091 691 511 314 258 168 144 115 83 64 40 	
764 126 377 569 2348 2621 959 310 97 89 111 128 130 178 228 181 	774 117 310 449 1112 2537 2119 675 151 112 129 150 202 193 102 84 	849 331 365 472 1103 2011 2018 938 218 114 148 183 225 135 72 34 	
50 92 237 360 404 422 581 857 1630 2021 1238 658 375 155 93 43 	70 121 271 363 439 495 553 703 985 1753 2077 952 297 100 29 8 	788 740 805 792 732 622 600 675 689 752 817 762 377 60 3 2 	
10 101 171 228 2519 1579 1467 1109 594 507 549 236 105 25 8 8 	14 117 121 185 277 517 1305 4302 933 588 537 227 69 17 5 2 	207 230 532 854 871 783 836 779 761 811 2341 190 21 0 0 0 	
11 131 244 293 390 906 1568 1825 973 771 599 607 493 333 69 3 	13 94 213 314 620 1451 2219 1197 835 631 650 447 363 141 28 0 	203 233 359 540 951 1676 2112 918 578 387 334 349 271 199 89 17 	
23 87 311 583 1174 1086 1563 1376 946 554 394 335 301 272 113 98 	14 72 134 124 187 762 1413 1596 1486 1131 795 500 400 286 224 92 	492 1120 1510 1389 1265 843 568 446 348 266 260 255 202 162 85 5 	
122 594 1060 1350 1087 856 643 572 463 457 401 397 366 368 236 244 	167 648 823 1279 1261 908 678 594 488 412 426 413 418 333 249 119 	738 1174 1449 1100 750 569 522 452 358 386 406 395 343 285 191 98 	
351 485 1356 1940 2365 1180 454 246 212 166 175 195 82 8 1 0 	173 329 541 1467 2684 2094 760 291 244 167 167 179 107 12 1 0 	1290 1259 2100 2142 1059 415 194 147 112 115 128 163 87 5 0 0 	
21 904 3244 580 184 130 187 198 189 140 222 368 631 995 849 374 	27 626 3396 709 185 157 150 170 214 179 246 415 595 986 893 268 	904 2927 923 167 142 130 154 178 225 245 373 511 779 1032 431 95 	
262 1042 1024 1095 1066 1044 989 695 499 469 305 309 263 76 62 16 	217 434 688 1601 1360 1201 961 716 601 440 335 370 142 72 50 28 	700 1159 813 949 1176 1046 856 689 534 416 313 356 84 69 37 19 	
0 32 110 286 566 1028 1764 2370 1671 729 335 190 87 34 9 5 	2 18 117 328 775 1320 2115 2078 1288 666 329 134 37 8 1 0 	31 107 307 587 1403 2314 2284 1291 452 232 127 59 19 2 1 0 	
481 666 506 471 698 1572 2022 989 421 221 180 203 253 285 215 33 	457 666 533 476 802 1635 1808 917 460 234 136 153 167 217 309 246 	640 600 668 1011 1366 1398 980 594 346 261 127 115 124 131 180 675 	
10 73 150 241 538 1001 1394 1269 1134 469 891 1122 592 228 39 65 	18 83 169 228 293 690 1478 1402 1368 466 746 1362 718 91 39 65 	21 62 446 1254 2095 884 363 423 392 380 382 555 1241 610 49 59 	
46 181 309 376 522 816 1112 884 863 890 700 582 363 311 147 1114 	24 86 145 270 313 487 757 998 1164 1007 970 855 536 316 162 1126 	364 455 610 836 953 905 764 649 768 717 505 262 158 120 167 983 	
266 407 570 736 1212 1285 1388 1156 586 385 272 236 172 199 197 149 	200 377 289 434 731 1147 1212 1426 1318 569 387 286 226 201 212 201 	703 1109 1329 1417 1289 821 540 360 310 233 212 154 148 125 164 302 	
329 261 157 133 118 133 185 333 1870 4645 832 166 39 9 3 3 	309 270 164 117 117 126 136 241 490 4700 2033 423 73 10 5 2 	389 233 151 118 115 115 136 263 564 4884 1784 384 64 11 3 2 	
236 222 207 174 157 158 182 1394 1672 1937 2459 199 61 50 39 69 	186 242 236 195 180 147 150 433 592 939 2674 2923 209 50 31 29 	227 186 225 272 286 444 2795 3496 796 229 109 56 35 23 16 21 	
42 196 277 467 792 867 904 886 874 862 838 690 582 443 283 213 	54 201 288 376 802 1036 938 942 910 904 863 700 563 297 209 133 	522 454 935 1097 1060 974 885 790 696 581 505 363 196 126 30 2 	
0 9 229 425 274 382 775 2611 3393 746 117 70 70 64 48 3 	0 7 177 490 357 408 549 2041 3740 1071 122 86 74 59 32 3 	5 84 430 402 394 439 1004 3691 2308 187 82 76 64 45 5 0 	
75 88 192 176 36 39 341 7843 172 71 65 50 30 10 21 7 	43 87 172 188 62 40 38 79 3641 4666 76 60 25 11 16 12 	29 138 173 118 73 38 43 41 59 150 2559 5690 56 17 9 23 	
163 4588 1633 887 709 509 276 104 80 52 45 35 35 27 29 44 	126 364 3613 1494 1522 1121 558 123 48 36 44 32 39 32 29 35 	851 5632 1322 696 309 83 51 37 37 39 28 35 31 24 29 12 	
1132 4030 2026 626 195 160 177 183 199 171 117 107 60 30 2 1 	157 2661 2505 1828 876 379 188 177 171 118 79 37 23 8 8 1 	674 5110 1787 427 270 196 179 167 177 93 62 36 17 9 7 5 	
0 30 461 644 783 1200 1476 1248 775 554 439 468 352 225 217 344 	0 1 21 138 463 636 696 1099 1398 1529 1159 630 382 279 220 565 	143 1098 1341 1229 955 815 734 584 436 413 369 254 174 151 149 371 	
1 22 85 129 257 756 1684 2688 1966 853 295 189 105 71 92 23 	4 5 17 80 176 384 516 633 1581 2522 2071 731 272 84 96 44 	331 415 890 1788 2246 1802 927 320 110 108 94 80 62 34 8 1 	
291 304 278 261 309 325 339 416 1309 5148 203 26 6 1 0 0 	275 294 314 285 325 394 354 352 416 5804 383 20 0 0 0 0 	746 342 328 374 309 300 260 255 446 2809 3023 24 0 0 0 0 	
0 143 1459 1864 961 548 530 487 424 428 337 420 507 384 402 322 	11 362 2643 1280 610 567 498 441 413 335 407 464 392 409 290 94 	103 2103 2036 701 696 606 500 370 314 335 348 468 431 148 53 4 	
25 44 72 64 91 161 515 3390 3038 1392 121 63 79 53 66 42 	18 35 69 74 63 120 222 777 3186 2854 1441 132 80 51 72 22 	11 45 74 67 51 79 146 246 831 2874 2900 1585 175 45 63 24 	
89 118 153 446 1110 1766 2259 1276 677 411 258 194 193 181 62 23 	111 109 221 618 1343 2353 1680 525 251 440 594 452 261 181 63 14 	425 1633 2141 1789 995 689 322 193 142 179 176 119 147 135 94 37 	
18 79 261 514 782 991 1019 1004 962 942 814 730 574 346 145 35 	7 43 183 404 650 864 861 903 986 1085 1028 986 706 354 129 27 	118 338 735 975 949 942 830 732 675 644 630 685 523 281 133 26 	
12 82 288 355 348 272 215 197 526 5440 1290 83 28 30 40 10 	5 46 211 398 404 259 222 184 219 650 6134 447 35 2 0 0 	86 218 303 393 318 216 184 157 154 307 864 5743 264 9 0 0 	
59 94 131 185 220 305 351 345 223 172 129 316 3183 3392 68 43 	92 117 191 242 349 374 338 263 151 89 80 116 878 5595 308 33 	151 192 275 393 403 290 255 142 73 71 83 85 286 2284 4196 37 	
37 29 36 41 85 99 198 264 453 879 1519 2105 2248 818 229 176 	54 43 44 88 95 194 279 432 826 1370 1968 2107 1069 330 185 132 	124 102 100 183 271 418 684 1126 1586 1807 1469 507 334 255 168 82 	
71 153 129 193 256 353 457 682 886 1024 1228 1259 1175 739 370 241 	134 200 203 252 353 433 621 882 1116 1254 1363 1120 707 332 172 74 	573 378 468 707 828 1110 1255 1297 1190 700 373 198 103 31 5 0 	
75 162 2363 2632 1086 892 579 251 181 197 173 219 158 111 82 55 	52 63 532 1903 2534 1683 856 323 225 186 178 188 224 104 75 90 	1516 3338 1256 647 459 532 381 179 124 172 194 161 79 81 74 23 	
95 236 279 99 76 71 128 229 522 1091 1758 2013 1463 752 286 118 	35 149 209 224 222 259 496 856 1513 2009 1820 948 360 94 22 0 	62 122 213 338 544 935 1446 1999 1868 1125 415 121 24 4 0 0 	
210 150 204 356 623 945 1299 1228 1120 958 682 518 359 231 216 117 	157 135 191 268 435 629 1000 1225 1253 1092 876 729 510 318 225 173 	179 198 324 527 723 1013 1423 1309 996 750 548 410 255 185 161 215 	
142 284 430 538 823 1115 1267 1329 1117 949 599 316 179 76 36 16 	123 278 483 789 1196 1437 1401 1153 1042 616 348 171 118 41 17 3 	439 431 606 893 1134 1305 1227 1000 908 593 355 190 90 31 10 4 	
192 150 145 189 1234 2652 1948 1556 863 193 45 18 17 8 5 1 	212 169 110 185 239 1643 2190 1771 1504 940 216 22 11 3 1 0 	237 189 208 186 477 1275 1488 1465 1354 1289 840 190 14 4 0 0 	
1224 1940 1803 1462 1193 865 308 157 92 73 53 24 14 4 4 0 	209 588 1211 1766 1615 1309 888 842 421 200 86 40 21 16 3 1 	5524 1596 829 425 208 151 99 90 78 67 49 40 33 18 8 1 	
1050 1593 1718 1645 1220 800 448 240 152 91 86 49 49 39 23 13 	51 393 1243 1502 1429 1318 1112 856 560 340 172 127 58 33 16 6 	1446 1703 1772 1471 1046 646 446 256 145 94 69 46 40 14 14 8 	
74 285 716 1334 972 1027 1221 995 691 329 195 157 138 84 120 878 	87 282 699 1521 1201 1306 1153 873 509 192 169 111 89 73 124 827 	114 571 1044 1518 1527 1248 958 605 229 190 109 68 63 74 172 726 	
945 69 48 72 114 299 1272 2878 2142 894 303 98 39 21 14 8 	943 80 80 115 159 136 103 576 3254 2862 642 179 51 11 13 12 	1082 189 298 769 1947 2200 1580 781 245 71 24 13 9 4 1 3 	
20 103 145 149 164 143 141 155 116 118 2291 5335 219 53 19 45 	10 54 138 187 169 167 174 128 119 120 103 243 7265 265 37 37 	17 62 130 184 173 197 160 114 126 123 113 121 235 6605 799 57 	
193 175 36 52 81 76 151 423 2891 3429 804 305 190 173 115 122 	188 180 75 69 90 93 188 338 853 3855 2004 758 359 123 34 9 	1070 480 1009 3546 2009 721 286 47 27 14 7 0 0 0 0 0 	
203 561 809 922 986 1054 1136 1014 1018 779 479 181 49 18 6 1 	160 288 280 479 819 974 1025 1103 1150 1064 931 619 270 47 6 1 	102 282 257 209 285 558 737 883 937 968 1059 999 912 625 342 61 	
122 220 197 176 259 584 4923 634 180 152 202 308 590 431 178 60 	70 212 218 180 202 272 390 787 2691 2442 225 309 511 492 180 35 	119 210 287 281 728 3197 2260 302 218 272 532 505 222 73 10 0 	
12 20 32 85 118 157 612 1481 1107 1393 1717 482 543 805 646 6 	33 58 105 151 149 177 192 1547 1197 1819 1294 384 472 686 948 4 	74 104 128 156 706 1216 957 1528 1238 247 261 259 267 348 561 1166 	
0 9 26 1897 2394 1793 864 562 657 478 291 206 36 3 0 0 	0 4 40 825 2416 1899 1596 519 480 615 501 278 40 3 0 0 	9 288 727 1643 1231 1457 850 787 473 450 271 404 287 167 120 52 	
0 2 19 91 214 415 675 815 901 1094 1295 1132 978 697 423 465 	2 55 280 621 846 958 1059 1044 924 804 748 549 543 365 194 224 	135 460 798 1032 1069 1141 988 857 820 665 542 319 171 106 65 48 	
24 45 54 106 169 255 408 763 1419 2038 2139 1255 312 147 43 39 	39 62 97 178 329 793 1419 1971 1882 1232 650 315 132 65 24 28 	87 164 401 1318 2245 2417 1192 494 282 201 144 118 78 39 23 13 	
458 461 559 640 595 497 541 500 534 518 554 625 766 771 741 456 	549 534 583 598 604 538 498 505 556 494 571 674 731 733 627 421 	600 649 550 629 676 624 597 567 587 787 788 702 539 359 255 307 	
741 153 769 1343 1586 1139 944 713 619 441 284 170 113 91 75 35 	736 34 29 92 373 858 1210 1840 1510 971 640 469 301 96 38 19 	941 993 1794 1751 1197 814 571 363 210 164 108 98 74 67 51 20 	
0 14 2895 1647 753 501 401 692 770 972 250 145 80 34 32 30 	7 440 3233 1188 527 506 516 798 781 916 148 64 36 28 20 8 	3550 1012 469 359 294 421 439 610 767 652 499 67 44 19 7 7 	
84 419 870 808 900 1120 903 811 729 724 544 386 247 155 137 379 	23 189 688 810 633 628 956 1028 1046 794 737 488 335 257 177 427 	456 1042 1065 881 889 723 670 678 564 494 337 282 193 229 289 424 	
1790 2322 1769 1238 529 308 261 210 178 134 95 95 95 84 66 42 	302 1695 1991 1701 1333 778 341 232 205 166 124 100 100 71 33 44 	1465 2114 1607 1386 1012 348 222 170 191 154 149 131 106 82 33 46 	
32 377 1373 1695 1359 902 527 515 694 722 507 254 130 55 39 35 	16 75 363 742 1462 1289 1199 931 631 619 829 621 284 87 35 33 	177 130 1526 3092 2129 916 425 297 208 136 55 44 45 21 11 4 	
66 402 734 782 983 1090 1150 999 788 698 637 408 244 145 66 24 	157 661 773 776 1035 1239 1186 1002 814 654 411 260 149 64 30 5 	1294 1115 1214 1135 1089 890 751 600 485 289 200 101 43 9 1 0 	
13 26 763 5492 422 114 128 185 352 605 604 141 145 151 70 5 	13 19 137 4487 2011 143 95 208 324 652 609 154 160 144 55 5 	6 16 19 811 5295 599 114 173 324 622 701 193 167 146 27 3 	
